ID,J0014010,J0144010,J3014330,J3204020,J3205710,J3213020,J3403010
J0014010,1.0,0.7632648280754407,0.6846259047331292,0.6462250068158791,0.6917861656906934,0.6756281281789316,0.4710047913846021
J0144010,0.7632648280754407,1.0,0.5709722191851905,0.6183018688608399,0.6652959577932647,0.6554615668950436,0.4141771721966165
J3014330,0.6846259047331292,0.5709722191851905,1.0,0.5948998481273006,0.6112457688558962,0.6021624376817086,0.5945624582256209
J3204020,0.6462250068158791,0.6183018688608399,0.5948998481273006,1.0,0.8955605860736958,0.9074571642362005,0.43310088522152973
J3205710,0.6917861656906934,0.6652959577932647,0.6112457688558962,0.8955605860736958,1.0,0.9615384615384615,0.4365039720923407
J3213020,0.6756281281789316,0.6554615668950436,0.6021624376817086,0.9074571642362005,0.9615384615384615,1.0,0.432843224904442
J3403010,0.4710047913846021,0.4141771721966165,0.5945624582256209,0.43310088522152973,0.4365039720923407,0.432843224904442,1.0
