t,Q
1979-10-26,0.068
1979-10-27,0.046
1979-10-28,0.029
1979-10-29,0.034
1979-10-30,0.027
1979-10-31,0.032
1979-11-01,0.042
1979-11-02,0.036
1979-11-03,0.029
1979-11-04,0.02
1979-11-05,0.037
1979-11-06,0.029
1979-11-07,0.025
1979-11-08,0.029
1979-11-09,0.081
1979-11-10,0.058
1979-11-11,0.045
1979-11-12,0.11
1979-11-13,0.071
1979-11-14,0.093
1979-11-15,0.094
1979-11-16,0.259
1979-11-17,0.118
1979-11-18,0.093
1979-11-19,0.096
1979-11-20,0.073
1979-11-21,0.054
1979-11-22,0.047
1979-11-23,0.061
1979-11-24,0.062
1979-11-25,0.064
1979-11-26,0.066
1979-11-27,0.057
1979-11-28,0.06
1979-11-29,0.058
1979-11-30,0.059
1979-12-01,0.041
1979-12-02,0.033
1979-12-03,0.023
1979-12-04,0.024
1979-12-05,0.027
1979-12-06,0.031
1979-12-07,0.036
1979-12-08,0.057
1979-12-09,0.186
1979-12-10,1.647
1979-12-11,1.301
1979-12-12,0.451
1979-12-13,0.638
1979-12-14,1.42
1979-12-15,2.448
1979-12-16,1.268
1979-12-17,1.351
1979-12-18,0.834
1979-12-19,1.822
1979-12-20,0.885
1979-12-21,0.58
1979-12-22,0.419
1979-12-23,0.336
1979-12-24,0.444
1979-12-25,0.375
1979-12-26,0.295
1979-12-27,0.447
1979-12-28,1.057
1979-12-29,1.408
1979-12-30,0.874
1979-12-31,0.665
1980-01-01,0.494
1980-01-02,0.632
1980-01-03,0.492
1980-01-04,1.041
1980-01-05,1.014
1980-01-06,0.666
1980-01-07,0.51
1980-01-08,0.447
1980-01-09,0.402
1980-01-10,0.857
1980-01-11,0.459
1980-01-12,0.345
1980-01-13,0.286
1980-01-14,0.248
1980-01-15,0.224
1980-01-16,0.211
1980-01-17,0.156
1980-01-18,0.143
1980-01-19,0.142
1980-01-20,0.151
1980-01-21,0.855
1980-01-22,0.996
1980-01-23,0.597
1980-01-24,1.263
1980-01-25,0.758
1980-01-26,0.467
1980-01-27,0.356
1980-01-28,0.318
1980-01-29,0.338
1980-01-30,0.373
1980-01-31,2.757
1980-02-01,1.636
1980-02-02,2.13
1980-02-03,2.502
1980-02-04,3.651
1980-02-05,2.397
1980-02-06,1.717
1980-02-07,2.252
1980-02-08,1.096
1980-02-09,0.64
1980-02-10,0.663
1980-02-11,0.612
1980-02-12,0.473
1980-02-13,0.421
1980-02-14,0.449
1980-02-15,0.459
1980-02-16,0.446
1980-02-17,0.491
1980-02-18,0.442
1980-02-19,0.385
1980-02-20,0.34
1980-02-21,0.297
1980-02-22,0.28
1980-02-23,0.296
1980-02-24,0.278
1980-02-25,0.326
1980-02-26,0.332
1980-02-27,0.271
1980-02-28,0.217
1980-02-29,0.174
1980-03-01,0.144
1980-03-02,0.138
1980-03-03,0.135
1980-03-04,0.133
1980-03-05,0.133
1980-03-06,0.374
1980-03-07,0.931
1980-03-08,1.236
1980-03-09,0.927
1980-03-10,0.559
1980-03-11,0.495
1980-03-12,0.475
1980-03-13,1.318
1980-03-14,1.386
1980-03-15,0.605
1980-03-16,0.36
1980-03-17,0.248
1980-03-18,1.254
1980-03-19,1.251
1980-03-20,0.67
1980-03-21,0.535
1980-03-22,0.473
1980-03-23,0.505
1980-03-24,0.548
1980-03-25,0.641
1980-03-26,0.951
1980-03-27,2.762
1980-03-28,2.83
1980-03-29,1.001
1980-03-30,0.415
1980-03-31,1.127
1980-04-01,1.112
1980-04-02,0.704
1980-04-03,0.478
1980-04-04,0.346
1980-04-05,0.274
1980-04-06,0.225
1980-04-07,0.189
1980-04-08,0.169
1980-04-09,0.155
1980-04-10,0.15
1980-04-11,0.145
1980-04-12,0.127
1980-04-13,0.12
1980-04-14,0.111
1980-04-15,0.102
1980-04-16,0.093
1980-04-17,0.088
1980-04-18,0.084
1980-04-19,0.08
1980-04-20,0.077
1980-04-21,0.074
1980-04-22,0.072
1980-04-23,0.082
1980-04-24,0.084
1980-04-25,0.084
1980-04-26,0.08
1980-04-27,0.08
1980-04-28,0.079
1980-04-29,0.072
1980-04-30,0.071
1980-05-01,0.067
1980-05-02,0.066
1980-05-03,0.067
1980-05-04,0.062
1980-05-05,0.06
1980-05-06,0.058
1980-05-07,0.056
1980-05-08,0.07
1980-05-09,0.072
1980-05-10,0.064
1980-05-11,0.055
1980-05-12,0.049
1980-05-13,0.045
1980-05-14,0.041
1980-05-15,0.037
1980-05-16,0.033
1980-05-17,0.03
1980-05-18,0.03
1980-05-19,0.03
1980-05-20,0.03
1980-05-21,0.03
1980-05-22,0.03
1980-05-23,0.03
1980-05-24,0.03
1980-05-25,0.03
1980-05-26,0.033
1980-05-27,0.036
1980-05-28,0.039
1980-05-29,0.039
1980-05-30,0.039
1980-05-31,0.034
1980-06-01,0.035
1980-06-02,0.035
1980-06-03,0.034
1980-06-04,0.03
1980-06-05,0.028
1980-06-06,0.024
1980-06-07,0.02
1980-06-08,0.022
1980-06-09,0.022
1980-06-10,0.031
1980-06-11,0.073
1980-06-12,0.07
1980-06-13,0.09
1980-06-14,0.082
1980-06-15,0.073
1980-06-16,0.079
1980-06-17,0.084
1980-06-18,0.072
1980-06-19,0.06
1980-06-20,0.045
1980-06-21,0.047
1980-06-22,0.042
1980-06-23,0.04
1980-06-24,0.072
1980-06-25,0.081
1980-06-26,0.07
1980-06-27,0.056
1980-06-28,0.05
1980-06-29,0.049
1980-06-30,0.044
1980-07-01,0.042
1980-07-02,0.039
1980-07-03,0.037
1980-07-04,0.031
1980-07-05,0.03
1980-07-06,0.031
1980-07-07,0.038
1980-07-08,0.054
1980-07-09,0.062
1980-07-10,0.051
1980-07-11,0.043
1980-07-12,0.04
1980-07-13,0.036
1980-07-14,0.057
1980-07-15,0.08
1980-07-16,0.09
1980-07-17,0.068
1980-07-18,0.057
1980-07-19,0.054
1980-07-20,0.062
1980-07-21,0.049
1980-07-22,0.037
1980-07-23,0.027
1980-07-24,0.024
1980-07-25,0.024
1980-07-26,0.022
1980-07-27,0.023
1980-07-28,0.025
1980-07-29,0.028
1980-07-30,0.03
1980-07-31,0.033
1980-08-01,0.047
1980-08-02,0.059
1980-08-03,0.05
1980-08-04,0.041
1980-08-05,0.035
1980-08-06,0.036
1980-08-07,0.035
1980-08-08,0.031
1980-08-09,0.03
1980-08-10,0.03
1980-08-11,0.031
1980-08-12,0.031
1980-08-13,0.031
1980-08-14,0.03
1980-08-15,0.03
1980-08-16,0.03
1980-08-17,0.028
1980-08-18,0.027
1980-08-19,0.026
1980-08-20,0.024
1980-08-21,0.023
1980-08-22,0.021
1980-08-23,0.02
1980-08-24,0.02
1980-08-25,0.021
1980-08-26,0.021
1980-08-27,0.026
1980-08-28,0.029
1980-08-29,0.029
1980-08-30,0.057
1980-08-31,0.039
1980-09-01,0.028
1980-09-02,0.026
1980-09-03,0.022
1980-09-04,0.019
1980-09-05,0.017
1980-09-06,0.015
1980-09-07,0.016
1980-09-08,0.016
1980-09-09,0.021
1980-09-10,0.025
1980-09-11,0.028
1980-09-12,0.027
1980-09-13,0.029
1980-09-14,0.033
1980-09-15,0.036
1980-09-16,0.041
1980-09-17,0.052
1980-09-18,0.056
1980-09-19,0.059
1980-09-20,0.082
1980-09-21,0.131
1980-09-22,0.103
1980-09-23,0.071
1980-09-24,0.05
1980-09-25,0.089
1980-09-26,0.074
1980-09-27,0.051
1980-09-28,0.044
1980-09-29,0.039
1980-09-30,0.038
1980-10-01,0.038
1980-10-02,0.039
1980-10-03,0.039
1980-10-04,0.04
1980-10-05,0.038
1980-10-06,0.035
1980-10-07,0.035
1980-10-08,0.037
1980-10-09,0.037
1980-10-10,0.04
1980-10-11,0.058
1980-10-12,0.054
1980-10-13,0.041
1980-10-14,0.038
1980-10-15,0.042
1980-10-16,0.073
1980-10-17,0.079
1980-10-18,0.059
1980-10-19,0.046
1980-10-20,0.04
1980-10-21,0.035
1980-10-22,0.035
1980-10-23,0.062
1980-10-24,0.112
1980-10-25,0.185
1980-10-26,0.174
1980-10-27,0.153
1980-10-28,0.126
1980-10-29,0.082
1980-10-30,0.064
1980-10-31,0.053
1980-11-01,0.043
1980-11-02,0.041
1980-11-03,0.049
1980-11-04,0.06
1980-11-05,0.074
1980-11-06,0.092
1980-11-07,0.118
1980-11-08,0.208
1980-11-09,0.307
1980-11-10,0.304
1980-11-11,0.268
1980-11-12,0.242
1980-11-13,0.226
1980-11-14,0.21
1980-11-15,0.271
1980-11-16,1.098
1980-11-17,1.265
1980-11-18,0.966
1980-11-19,0.571
1980-11-20,0.375
1980-11-21,0.229
1980-11-22,0.185
1980-11-23,0.145
1980-11-24,0.127
1980-11-25,0.334
1980-11-26,0.902
1980-11-27,0.503
1980-11-28,0.453
1980-11-29,0.456
1980-11-30,0.284
1980-12-01,0.206
1980-12-02,0.204
1980-12-03,0.285
1980-12-04,0.23
1980-12-05,0.223
1980-12-06,0.221
1980-12-07,0.208
1980-12-08,0.162
1980-12-09,0.141
1980-12-10,0.126
1980-12-11,0.125
1980-12-12,0.128
1980-12-13,0.163
1980-12-14,0.343
1980-12-15,0.749
1980-12-16,0.476
1980-12-17,0.816
1980-12-18,2.892
1980-12-19,1.945
1980-12-20,2.912
1980-12-21,3.643
1980-12-22,2.18
1980-12-23,1.123
1980-12-24,0.693
1980-12-25,0.554
1980-12-26,0.481
1980-12-27,1.47
1980-12-28,0.686
1980-12-29,0.448
1980-12-30,0.38
1980-12-31,0.314
1981-01-01,0.28
1981-01-02,0.256
1981-01-03,0.248
1981-01-04,1.424
1981-01-05,0.719
1981-01-06,0.507
1981-01-07,0.489
1981-01-08,0.353
1981-01-09,0.303
1981-01-10,0.575
1981-01-11,0.581
1981-01-12,0.371
1981-01-13,0.441
1981-01-14,0.441
1981-01-15,2.262
1981-01-16,1.245
1981-01-17,1.416
1981-01-18,1.404
1981-01-19,1.372
1981-01-20,1.539
1981-01-21,1.051
1981-01-22,0.794
1981-01-23,0.562
1981-01-24,0.438
1981-01-25,0.387
1981-01-26,0.339
1981-01-27,0.289
1981-01-28,0.287
1981-01-29,0.249
1981-01-30,0.228
1981-01-31,0.188
1981-02-01,0.156
1981-02-02,0.154
1981-02-03,0.438
1981-02-04,1.481
1981-02-05,0.785
1981-02-06,0.447
1981-02-07,0.342
1981-02-08,0.335
1981-02-09,0.31
1981-02-10,0.405
1981-02-11,0.267
1981-02-12,0.231
1981-02-13,0.213
1981-02-14,0.177
1981-02-15,0.156
1981-02-16,0.157
1981-02-17,0.149
1981-02-18,0.146
1981-02-19,0.147
1981-02-20,0.144
1981-02-21,0.138
1981-02-22,0.606
1981-02-23,0.697
1981-02-24,0.446
1981-02-25,0.281
1981-02-26,0.239
1981-02-27,0.42
1981-02-28,1.937
1981-03-01,0.914
1981-03-02,1.135
1981-03-03,0.872
1981-03-04,0.512
1981-03-05,0.391
1981-03-06,0.532
1981-03-07,0.609
1981-03-08,0.596
1981-03-09,0.464
1981-03-10,0.667
1981-03-11,0.541
1981-03-12,0.616
1981-03-13,0.704
1981-03-14,0.566
1981-03-15,1.053
1981-03-16,0.703
1981-03-17,0.728
1981-03-18,0.752
1981-03-19,0.505
1981-03-20,0.391
1981-03-21,0.306
1981-03-22,0.292
1981-03-23,0.808
1981-03-24,1.09
1981-03-25,1.021
1981-03-26,0.664
1981-03-27,0.463
1981-03-28,0.325
1981-03-29,0.601
1981-03-30,2.576
1981-03-31,0.881
1981-04-01,0.499
1981-04-02,0.361
1981-04-03,0.272
1981-04-04,0.239
1981-04-05,0.218
1981-04-06,0.213
1981-04-07,0.211
1981-04-08,0.167
1981-04-09,0.152
1981-04-10,0.154
1981-04-11,0.173
1981-04-12,0.158
1981-04-13,0.14
1981-04-14,0.131
1981-04-15,0.123
1981-04-16,0.118
1981-04-17,0.107
1981-04-18,0.094
1981-04-19,0.093
1981-04-20,0.096
1981-04-21,0.095
1981-04-22,0.091
1981-04-23,0.095
1981-04-24,0.081
1981-04-25,0.125
1981-04-26,0.153
1981-04-27,0.177
1981-04-28,0.125
1981-04-29,0.11
1981-04-30,0.102
1981-05-01,0.094
1981-05-02,0.184
1981-05-03,0.36
1981-05-04,0.51
1981-05-05,0.318
1981-05-06,0.202
1981-05-07,0.163
1981-05-08,0.143
1981-05-09,0.125
1981-05-10,0.256
1981-05-11,0.433
1981-05-12,1.19
1981-05-13,1.584
1981-05-14,1.144
1981-05-15,0.628
1981-05-16,0.87
1981-05-17,1.176
1981-05-18,0.838
1981-05-19,0.602
1981-05-20,0.369
1981-05-21,0.341
1981-05-22,0.333
1981-05-23,0.605
1981-05-24,1.032
1981-05-25,0.768
1981-05-26,0.704
1981-05-27,0.889
1981-05-28,0.96
1981-05-29,0.896
1981-05-30,0.84
1981-05-31,1.6
1981-06-01,1.117
1981-06-02,0.887
1981-06-03,0.585
1981-06-04,0.424
1981-06-05,0.319
1981-06-06,0.322
1981-06-07,0.234
1981-06-08,0.276
1981-06-09,0.338
1981-06-10,0.223
1981-06-11,0.168
1981-06-12,0.138
1981-06-13,0.123
1981-06-14,0.107
1981-06-15,0.098
1981-06-16,0.101
1981-06-17,0.087
1981-06-18,0.081
1981-06-19,0.079
1981-06-20,0.072
1981-06-21,0.067
1981-06-22,0.067
1981-06-23,0.063
1981-06-24,0.071
1981-06-25,0.081
1981-06-26,0.076
1981-06-27,0.073
1981-06-28,0.07
1981-06-29,0.072
1981-06-30,0.066
1981-07-01,0.064
1981-07-02,0.063
1981-07-03,0.064
1981-07-04,0.073
1981-07-05,0.059
1981-07-06,0.056
1981-07-07,0.052
1981-07-08,0.052
1981-07-09,0.075
1981-07-10,0.063
1981-07-11,0.053
1981-07-12,0.055
1981-07-13,0.057
1981-07-14,0.06
1981-07-15,0.057
1981-07-16,0.055
1981-07-17,0.058
1981-07-18,0.056
1981-07-19,0.055
1981-07-20,0.056
1981-07-21,0.056
1981-07-22,0.066
1981-07-23,0.084
1981-07-24,0.217
1981-07-25,0.087
1981-07-26,0.052
1981-07-27,0.044
1981-07-28,0.036
1981-07-29,0.03
1981-07-30,0.027
1981-07-31,0.044
1981-08-01,0.076
1981-08-02,0.062
1981-08-03,0.057
1981-08-04,0.056
1981-08-05,0.063
1981-08-06,0.177
1981-08-07,0.085
1981-08-08,0.062
1981-08-09,0.05
1981-08-10,0.046
1981-08-11,0.045
1981-08-12,0.041
1981-08-13,0.037
1981-08-14,0.034
1981-08-15,0.032
1981-08-16,0.032
1981-08-17,0.035
1981-08-18,0.034
1981-08-19,0.037
1981-08-20,0.044
1981-08-21,0.048
1981-08-22,0.045
1981-08-23,0.043
1981-08-24,0.042
1981-08-25,0.039
1981-08-26,0.039
1981-08-27,0.036
1981-08-28,0.033
1981-08-29,0.026
1981-08-30,0.022
1981-08-31,0.021
1981-09-01,0.038
1981-09-02,0.029
1981-09-03,0.025
1981-09-04,0.023
1981-09-05,0.027
1981-09-06,0.03
1981-09-07,0.031
1981-09-08,0.031
1981-09-09,0.029
1981-09-10,0.03
1981-09-11,0.031
1981-09-12,0.069
1981-09-13,0.06
1981-09-14,0.03
1981-09-15,0.021
1981-09-16,0.038
1981-09-17,0.04
1981-09-18,0.038
1981-09-19,0.036
1981-09-20,0.089
1981-09-21,0.199
1981-09-22,0.083
1981-09-23,0.056
1981-09-24,0.054
1981-09-25,0.219
1981-09-26,0.31
1981-09-27,0.313
1981-09-28,0.157
1981-09-29,0.096
1981-09-30,0.08
1981-10-01,0.09
1981-10-02,0.108
1981-10-03,0.12
1981-10-04,0.081
1981-10-05,0.142
1981-10-06,0.154
1981-10-07,0.161
1981-10-08,0.109
1981-10-09,0.097
1981-10-10,0.312
1981-10-11,0.561
1981-10-12,0.329
1981-10-13,0.237
1981-10-14,0.249
1981-10-15,0.667
1981-10-16,0.445
1981-10-17,0.272
1981-10-18,0.211
1981-10-19,0.168
1981-10-20,0.252
1981-10-21,0.33
1981-10-22,0.37
1981-10-23,0.243
1981-10-24,0.184
1981-10-25,0.472
1981-10-26,1.341
1981-10-27,0.5
1981-10-28,0.349
1981-10-29,0.481
1981-10-30,0.438
1981-10-31,0.307
1981-11-01,0.25
1981-11-02,0.216
1981-11-03,0.197
1981-11-04,0.18
1981-11-05,0.16
1981-11-06,0.144
1981-11-07,0.123
1981-11-08,0.117
1981-11-09,0.107
1981-11-10,0.098
1981-11-11,0.099
1981-11-12,0.106
1981-11-13,0.116
1981-11-14,0.093
1981-11-15,0.08
1981-11-16,0.082
1981-11-17,0.105
1981-11-18,0.117
1981-11-19,0.115
1981-11-20,0.112
1981-11-21,0.115
1981-11-22,0.086
1981-11-23,0.082
1981-11-24,0.082
1981-11-25,0.079
1981-11-26,0.075
1981-11-27,0.1
1981-11-28,0.151
1981-11-29,0.175
1981-11-30,0.15
1981-12-01,0.327
1981-12-02,0.202
1981-12-03,0.151
1981-12-04,0.136
1981-12-05,0.146
1981-12-06,0.228
1981-12-07,0.317
1981-12-08,0.321
1981-12-09,0.231
1981-12-10,0.175
1981-12-11,0.233
1981-12-12,0.23
1981-12-13,0.175
1981-12-14,1.272
1981-12-15,1.597
1981-12-16,1.596
1981-12-17,0.761
1981-12-18,1.329
1981-12-19,0.763
1981-12-20,0.566
1981-12-21,1.565
1981-12-22,0.912
1981-12-23,0.879
1981-12-24,1.842
1981-12-25,0.971
1981-12-26,0.497
1981-12-27,0.477
1981-12-28,0.429
1981-12-29,2.112
1981-12-30,3.893
1981-12-31,2.993
1982-01-01,1.919
1982-01-02,1.097
1982-01-03,0.791
1982-01-04,0.618
1982-01-05,0.829
1982-01-06,1.653
1982-01-07,1.104
1982-01-08,1.716
1982-01-09,3.726
1982-01-10,2.714
1982-01-11,2.896
1982-01-12,1.332
1982-01-13,0.639
1982-01-14,0.438
1982-01-15,0.382
1982-01-16,0.405
1982-01-17,0.364
1982-01-18,0.301
1982-01-19,0.275
1982-01-20,0.303
1982-01-21,0.402
1982-01-22,0.517
1982-01-23,0.818
1982-01-24,0.683
1982-01-25,0.559
1982-01-26,0.818
1982-01-27,0.942
1982-01-28,0.522
1982-01-29,0.382
1982-01-30,0.337
1982-01-31,0.296
1982-02-01,0.285
1982-02-02,0.269
1982-02-03,0.243
1982-02-04,0.222
1982-02-05,0.202
1982-02-06,0.21
1982-02-07,0.206
1982-02-08,0.235
1982-02-09,0.212
1982-02-10,0.198
1982-02-11,0.192
1982-02-12,0.229
1982-02-13,0.324
1982-02-14,0.458
1982-02-15,0.349
1982-02-16,0.236
1982-02-17,0.516
1982-02-18,0.653
1982-02-19,0.371
1982-02-20,0.269
1982-02-21,0.214
1982-02-22,0.359
1982-02-23,0.31
1982-02-24,0.242
1982-02-25,0.271
1982-02-26,0.277
1982-02-27,0.472
1982-02-28,0.449
1982-03-01,0.38
1982-03-02,0.436
1982-03-03,0.402
1982-03-04,0.605
1982-03-05,0.653
1982-03-06,0.448
1982-03-07,0.317
1982-03-08,0.277
1982-03-09,0.492
1982-03-10,1.52
1982-03-11,1.182
1982-03-12,0.637
1982-03-13,0.533
1982-03-14,0.356
1982-03-15,0.376
1982-03-16,0.946
1982-03-17,0.5
1982-03-18,0.43
1982-03-19,0.653
1982-03-20,0.624
1982-03-21,0.621
1982-03-22,0.723
1982-03-23,0.449
1982-03-24,0.304
1982-03-25,0.234
1982-03-26,0.212
1982-03-27,0.185
1982-03-28,0.165
1982-03-29,0.155
1982-03-30,0.154
1982-03-31,0.14
1982-04-01,0.134
1982-04-02,0.132
1982-04-03,0.121
1982-04-04,0.109
1982-04-05,0.104
1982-04-06,0.142
1982-04-07,0.147
1982-04-08,0.135
1982-04-09,0.12
1982-04-10,0.109
1982-04-11,0.102
1982-04-12,0.101
1982-04-13,0.1
1982-04-14,0.096
1982-04-15,0.099
1982-04-16,0.102
1982-04-17,0.087
1982-04-18,0.077
1982-04-19,0.077
1982-04-20,0.071
1982-04-21,0.071
1982-04-22,0.069
1982-04-23,0.064
1982-04-24,0.055
1982-04-25,0.06
1982-04-26,0.058
1982-04-27,0.055
1982-04-28,0.052
1982-04-29,0.055
1982-04-30,0.054
1982-05-01,0.057
1982-05-02,0.057
1982-05-03,0.055
1982-05-04,0.064
1982-05-05,0.056
1982-05-06,0.059
1982-05-07,0.055
1982-05-08,0.098
1982-05-09,0.067
1982-05-10,0.062
1982-05-11,0.062
1982-05-12,0.055
1982-05-13,0.057
1982-05-14,0.059
1982-05-15,0.044
1982-05-16,0.048
1982-05-17,0.045
1982-05-18,0.046
1982-05-19,0.049
1982-05-20,0.049
1982-05-21,0.051
1982-05-22,0.065
1982-05-23,0.081
1982-05-24,0.062
1982-05-25,0.045
1982-05-26,0.052
1982-05-27,0.056
1982-05-28,0.046
1982-05-29,0.045
1982-05-30,0.045
1982-05-31,0.047
1982-06-01,0.285
1982-06-02,0.684
1982-06-03,0.14
1982-06-04,0.098
1982-06-05,0.076
1982-06-06,0.069
1982-06-07,0.064
1982-06-08,0.059
1982-06-09,0.063
1982-06-10,0.061
1982-06-11,0.057
1982-06-12,0.048
1982-06-13,0.064
1982-06-14,0.053
1982-06-15,0.053
1982-06-16,0.048
1982-06-17,0.067
1982-06-18,0.169
1982-06-19,0.063
1982-06-20,0.047
1982-06-21,0.044
1982-06-22,0.102
1982-06-23,0.082
1982-06-24,0.066
1982-06-25,0.068
1982-06-26,0.074
1982-06-27,0.084
1982-06-28,0.063
1982-06-29,0.053
1982-06-30,0.045
1982-07-01,0.047
1982-07-02,0.038
1982-07-03,0.044
1982-07-04,0.044
1982-07-05,0.048
1982-07-06,0.039
1982-07-07,0.041
1982-07-08,0.043
1982-07-09,0.05
1982-07-10,0.044
1982-07-11,0.033
1982-07-12,0.033
1982-07-13,0.125
1982-07-14,0.109
1982-07-15,0.192
1982-07-16,0.104
1982-07-17,0.064
1982-07-18,0.059
1982-07-19,0.051
1982-07-20,0.042
1982-07-21,0.046
1982-07-22,0.053
1982-07-23,0.06
1982-07-24,0.041
1982-07-25,0.035
1982-07-26,0.033
1982-07-27,0.033
1982-07-28,0.033
1982-07-29,0.033
1982-07-30,0.035
1982-07-31,0.066
1982-08-01,0.047
1982-08-02,0.047
1982-08-03,0.041
1982-08-04,0.042
1982-08-05,0.087
1982-08-06,0.069
1982-08-07,0.063
1982-08-08,0.049
1982-08-09,0.047
1982-08-10,0.043
1982-08-11,0.04
1982-08-12,0.038
1982-08-13,0.039
1982-08-14,0.04
1982-08-15,0.042
1982-08-16,0.041
1982-08-17,0.037
1982-08-18,0.032
1982-08-19,0.027
1982-08-20,0.031
1982-08-21,0.024
1982-08-22,0.02
1982-08-23,0.021
1982-08-24,0.022
1982-08-25,0.023
1982-08-26,0.029
1982-08-27,0.026
1982-08-28,0.02
1982-08-29,0.019
1982-08-30,0.02
1982-08-31,0.023
1982-09-01,0.024
1982-09-02,0.031
1982-09-03,0.032
1982-09-04,0.022
1982-09-05,0.015
1982-09-06,0.016
1982-09-07,0.016
1982-09-08,0.017
1982-09-09,0.017
1982-09-10,0.018
1982-09-11,0.015
1982-09-12,0.016
1982-09-13,0.019
1982-09-14,0.029
1982-09-15,0.023
1982-09-16,0.025
1982-09-17,0.02
1982-09-18,0.021
1982-09-19,0.017
1982-09-20,0.031
1982-09-21,0.031
1982-09-22,0.034
1982-09-23,0.017
1982-09-24,0.043
1982-09-25,0.069
1982-09-26,0.048
1982-09-27,0.038
1982-09-28,0.037
1982-09-29,0.031
1982-09-30,0.032
1982-10-01,0.029
1982-10-02,0.024
1982-10-03,0.054
1982-10-04,0.166
1982-10-05,0.458
1982-10-06,0.35
1982-10-07,0.146
1982-10-08,0.101
1982-10-09,0.077
1982-10-10,0.065
1982-10-11,0.119
1982-10-12,0.22
1982-10-13,0.355
1982-10-14,0.648
1982-10-15,0.554
1982-10-16,0.219
1982-10-17,0.335
1982-10-18,2.019
1982-10-19,1.147
1982-10-20,0.454
1982-10-21,0.268
1982-10-22,1.267
1982-10-23,1.102
1982-10-24,0.41
1982-10-25,0.443
1982-10-26,0.489
1982-10-27,0.344
1982-10-28,0.251
1982-10-29,0.208
1982-10-30,0.176
1982-10-31,0.152
1982-11-01,0.144
1982-11-02,0.142
1982-11-03,0.143
1982-11-04,0.141
1982-11-05,0.147
1982-11-06,0.128
1982-11-07,0.461
1982-11-08,1.724
1982-11-09,0.71
1982-11-10,0.491
1982-11-11,0.522
1982-11-12,1.278
1982-11-13,1.236
1982-11-14,0.63
1982-11-15,1.215
1982-11-16,0.91
1982-11-17,0.865
1982-11-18,0.666
1982-11-19,0.51
1982-11-20,0.375
1982-11-21,0.296
1982-11-22,0.859
1982-11-23,0.665
1982-11-24,1.085
1982-11-25,0.868
1982-11-26,0.662
1982-11-27,0.437
1982-11-28,0.345
1982-11-29,0.276
1982-11-30,0.245
1982-12-01,0.229
1982-12-02,0.215
1982-12-03,0.204
1982-12-04,0.183
1982-12-05,0.208
1982-12-06,1.997
1982-12-07,1.43
1982-12-08,1.479
1982-12-09,1.365
1982-12-10,1.14
1982-12-11,0.989
1982-12-12,0.911
1982-12-13,0.654
1982-12-14,0.444
1982-12-15,1.691
1982-12-16,1.567
1982-12-17,3.147
1982-12-18,1.625
1982-12-19,1.497
1982-12-20,3.897
1982-12-21,2.221
1982-12-22,1.112
1982-12-23,0.781
1982-12-24,0.749
1982-12-25,0.719
1982-12-26,0.539
1982-12-27,0.5
1982-12-28,0.562
1982-12-29,0.429
1982-12-30,0.359
1982-12-31,0.322
1983-01-01,0.298
1983-01-02,0.342
1983-01-03,0.422
1983-01-04,0.402
1983-01-05,0.633
1983-01-06,0.526
1983-01-07,1.045
1983-01-08,0.561
1983-01-09,0.363
1983-01-10,0.307
1983-01-11,0.298
1983-01-12,0.281
1983-01-13,0.477
1983-01-14,0.872
1983-01-15,0.867
1983-01-16,0.511
1983-01-17,0.379
1983-01-18,0.322
1983-01-19,0.274
1983-01-20,0.223
1983-01-21,0.22
1983-01-22,0.201
1983-01-23,0.183
1983-01-24,0.177
1983-01-25,0.179
1983-01-26,0.172
1983-01-27,0.165
1983-01-28,0.164
1983-01-29,0.224
1983-01-30,0.575
1983-01-31,0.996
1983-02-01,0.974
1983-02-02,0.619
1983-02-03,0.399
1983-02-04,0.37
1983-02-05,0.364
1983-02-06,0.7
1983-02-07,0.513
1983-02-08,0.408
1983-02-09,0.347
1983-02-10,0.274
1983-02-11,0.246
1983-02-12,0.193
1983-02-13,0.152
1983-02-14,0.142
1983-02-15,0.146
1983-02-16,0.138
1983-02-17,0.126
1983-02-18,0.12
1983-02-19,0.124
1983-02-20,0.128
1983-02-21,0.119
1983-02-22,0.114
1983-02-23,0.151
1983-02-24,0.245
1983-02-25,0.789
1983-03-06,0.194
1983-03-07,0.182
1983-03-08,0.18
1983-03-09,0.169
1983-03-10,0.161
1983-03-11,0.151
1983-03-12,0.142
1983-03-13,0.135
1983-03-14,0.185
1983-03-15,0.18
1983-03-16,0.141
1983-03-17,0.133
1983-03-18,0.126
1983-03-19,0.123
1983-03-20,0.123
1983-03-21,0.113
1983-03-22,0.108
1983-03-23,0.136
1983-03-24,0.171
1983-03-25,0.144
1983-03-26,0.175
1983-03-27,0.39
1983-03-28,0.313
1983-03-29,0.172
1983-03-30,0.183
1983-03-31,0.232
1983-04-01,0.314
1983-04-02,0.222
1983-04-03,0.203
1983-04-04,1.248
1983-04-05,0.976
1983-04-06,0.933
1983-04-07,0.508
1983-04-08,0.652
1983-04-09,1.765
1983-04-10,2.046
1983-04-11,0.892
1983-04-12,0.674
1983-04-13,0.512
1983-04-14,0.358
1983-04-15,0.28
1983-04-16,0.235
1983-04-17,0.202
1983-04-18,0.801
1983-04-19,0.531
1983-04-20,0.545
1983-04-21,0.504
1983-04-22,0.366
1983-04-23,0.48
1983-04-24,0.4
1983-04-25,0.442
1983-04-26,0.292
1983-04-27,0.249
1983-04-28,0.311
1983-04-29,0.308
1983-04-30,0.269
1983-05-01,0.477
1983-05-02,0.431
1983-05-03,0.302
1983-05-04,0.299
1983-05-05,0.237
1983-05-06,0.278
1983-05-07,0.432
1983-05-08,0.85
1983-05-09,0.499
1983-05-10,0.47
1983-05-11,1.409
1983-05-12,1.946
1983-05-13,1.299
1983-05-14,1.293
1983-05-15,0.831
1983-05-16,0.905
1983-05-17,1.015
1983-05-18,0.919
1983-05-19,0.818
1983-05-20,0.589
1983-05-21,0.666
1983-05-22,0.507
1983-05-23,0.499
1983-05-24,0.447
1983-05-25,0.306
1983-05-26,0.239
1983-05-27,0.209
1983-05-28,0.19
1983-05-29,0.166
1983-05-30,0.156
1983-05-31,0.149
1983-06-01,0.154
1983-06-02,0.138
1983-06-03,0.131
1983-06-04,0.104
1983-06-05,0.084
1983-06-06,0.079
1983-06-07,0.082
1983-06-08,0.082
1983-06-09,0.082
1983-06-10,0.079
1983-06-11,0.078
1983-06-12,0.081
1983-06-13,0.093
1983-06-14,0.072
1983-06-15,0.068
1983-06-16,0.062
1983-06-17,0.058
1983-06-18,0.061
1983-06-19,0.066
1983-06-20,0.065
1983-06-21,0.065
1983-06-22,0.066
1983-06-23,0.067
1983-06-24,0.069
1983-06-25,0.087
1983-06-26,0.244
1983-06-27,0.245
1983-06-28,0.112
1983-06-29,0.089
1983-06-30,0.134
1983-07-01,0.153
1983-07-10,0.046
1983-07-11,0.042
1983-07-12,0.041
1983-07-13,0.029
1983-07-14,0.033
1983-07-15,0.031
1983-07-16,0.03
1983-07-17,0.03
1983-07-18,0.042
1983-07-19,0.218
1983-07-20,0.086
1983-07-21,0.057
1983-07-22,0.05
1983-07-23,0.047
1983-07-24,0.045
1983-07-25,0.038
1983-07-26,0.046
1983-07-27,0.038
1983-07-28,0.069
1983-07-29,0.047
1983-07-30,0.042
1983-07-31,0.048
1983-08-01,0.267
1983-08-02,0.083
1983-08-03,0.053
1983-08-04,0.052
1983-08-05,0.046
1983-08-06,0.042
1983-08-07,0.038
1983-08-08,0.039
1983-08-09,0.035
1983-08-10,0.057
1983-08-11,0.055
1983-08-12,0.045
1983-08-13,0.04
1983-08-14,0.036
1983-08-15,0.031
1983-08-16,0.032
1983-08-17,0.029
1983-08-18,0.031
1983-08-19,0.033
1983-08-20,0.037
1983-08-21,0.04
1983-08-22,0.04
1983-08-23,0.029
1983-08-24,0.03
1983-08-25,0.031
1983-08-26,0.029
1983-08-27,0.031
1983-08-28,0.034
1983-08-29,0.031
1983-08-30,0.027
1983-08-31,0.028
1983-09-01,0.062
1983-09-02,0.06
1983-09-03,0.05
1983-09-04,0.043
1983-09-05,0.048
1983-09-06,0.043
1983-09-07,0.034
1983-09-08,0.034
1983-09-09,0.05
1983-09-10,0.05
1983-09-11,0.046
1983-09-12,0.034
1983-09-13,0.023
1983-09-14,0.065
1983-09-15,0.06
1983-09-16,0.045
1983-09-17,0.046
1983-09-18,0.047
1983-09-19,0.165
1983-09-20,0.062
1983-09-21,0.053
1983-09-22,0.048
1983-09-23,0.042
1983-09-24,0.039
1983-09-25,0.04
1983-09-26,0.034
1983-09-27,0.034
1983-09-28,0.032
1983-09-29,0.035
1983-09-30,0.036
1983-10-01,0.035
1983-10-02,0.035
1983-10-03,0.033
1983-10-04,0.031
1983-10-05,0.03
1983-10-06,0.031
1983-10-07,0.028
1983-10-08,0.028
1983-10-09,0.03
1983-10-10,0.028
1983-10-11,0.026
1983-10-12,0.024
1983-10-13,0.029
1983-10-14,0.044
1983-10-15,0.072
1983-10-16,0.244
1983-10-17,0.073
1983-10-18,0.054
1983-10-19,0.046
1983-10-20,0.039
1983-10-21,0.035
1983-10-22,0.036
1983-10-23,0.035
1983-10-24,0.032
1983-10-25,0.03
1983-10-26,0.032
1983-10-27,0.032
1983-10-28,0.031
1983-10-29,0.03
1983-10-30,0.029
1983-10-31,0.029
1983-11-01,0.031
1983-11-02,0.029
1983-11-03,0.033
1983-11-04,0.041
1983-11-05,0.036
1983-11-06,0.032
1983-11-07,0.031
1983-11-08,0.029
1983-11-09,0.042
1983-11-10,0.033
1983-11-11,0.028
1983-11-12,0.024
1983-11-13,0.028
1983-11-14,0.025
1983-11-15,0.029
1983-11-16,0.03
1983-11-17,0.031
1983-11-18,0.029
1983-11-19,0.027
1983-11-20,0.029
1983-11-21,0.027
1983-11-22,0.025
1983-11-23,0.027
1983-11-24,0.039
1983-11-25,0.052
1983-11-26,0.148
1983-11-27,0.223
1983-11-28,0.093
1983-11-29,0.076
1983-11-30,0.068
1983-12-01,0.054
1983-12-02,0.047
1983-12-03,0.045
1983-12-04,0.042
1983-12-05,0.039
1983-12-06,0.037
1983-12-07,0.034
1983-12-08,0.035
1983-12-09,0.073
1983-12-10,0.091
1983-12-11,0.062
1983-12-12,0.101
1983-12-13,0.121
1983-12-14,0.087
1983-12-15,0.204
1983-12-16,0.183
1983-12-17,0.119
1983-12-18,0.133
1983-12-19,0.287
1983-12-20,0.48
1983-12-21,0.445
1983-12-22,0.271
1983-12-23,0.413
1983-12-24,0.258
1983-12-25,0.219
1983-12-26,0.389
1983-12-27,0.262
1983-12-28,0.184
1983-12-29,0.154
1983-12-30,0.137
1983-12-31,0.125
1984-01-01,0.12
1984-01-02,0.119
1984-01-03,0.369
1984-01-04,0.475
1984-01-05,0.394
1984-01-06,0.462
1984-01-07,0.62
1984-01-08,0.516
1984-01-09,0.589
1984-01-10,0.335
1984-01-11,0.269
1984-01-12,0.47
1984-01-13,1.058
1984-01-14,1.945
1984-01-15,1.134
1984-01-16,0.558
1984-01-17,1.419
1984-01-18,0.647
1984-01-19,0.846
1984-01-20,0.536
1984-01-21,0.389
1984-01-22,0.813
1984-01-23,2.113
1984-01-24,1.572
1984-01-25,0.712
1984-01-26,0.711
1984-01-27,1.033
1984-01-28,0.641
1984-01-29,1.012
1984-01-30,0.911
1984-01-31,1.798
1984-02-01,0.849
1984-02-02,0.859
1984-02-03,0.743
1984-02-04,0.668
1984-02-05,0.649
1984-02-06,0.537
1984-02-07,1.33
1984-02-08,0.898
1984-02-09,0.503
1984-02-10,0.369
1984-02-11,0.353
1984-02-12,0.288
1984-02-13,0.242
1984-02-14,0.22
1984-02-15,0.19
1984-02-16,0.177
1984-02-17,0.199
1984-02-18,0.19
1984-02-19,0.148
1984-02-20,0.175
1984-02-21,0.316
1984-02-22,0.319
1984-02-23,0.327
1984-02-24,0.237
1984-02-25,0.198
1984-02-26,0.18
1984-02-27,0.17
1984-02-28,0.156
1984-02-29,0.153
1984-03-01,0.144
1984-03-02,0.141
1984-03-03,0.142
1984-03-04,0.123
1984-03-05,0.11
1984-03-06,0.11
1984-03-07,0.103
1984-03-08,0.109
1984-03-09,0.104
1984-03-10,0.09
1984-03-11,0.103
1984-03-12,0.302
1984-03-13,0.279
1984-03-14,0.174
1984-03-15,0.159
1984-03-16,0.133
1984-03-17,0.124
1984-03-18,0.122
1984-03-19,0.099
1984-03-20,0.086
1984-03-21,0.078
1984-03-22,0.077
1984-03-23,0.083
1984-03-24,0.277
1984-03-25,0.786
1984-03-26,1.0
1984-03-27,0.766
1984-03-28,1.598
1984-03-29,1.456
1984-03-30,0.629
1984-03-31,0.623
1984-04-01,0.997
1984-04-02,0.556
1984-04-03,0.375
1984-04-04,0.299
1984-04-05,0.261
1984-04-06,0.237
1984-04-07,0.224
1984-04-08,0.188
1984-04-09,0.161
1984-04-10,0.157
1984-04-11,0.149
1984-04-12,0.139
1984-04-13,0.13
1984-04-14,0.127
1984-04-15,0.117
1984-04-16,0.105
1984-04-17,0.09
1984-04-18,0.086
1984-04-19,0.084
1984-04-20,0.08
1984-04-21,0.079
1984-04-22,0.076
1984-04-23,0.073
1984-04-24,0.069
1984-04-25,0.062
1984-04-26,0.059
1984-04-27,0.058
1984-04-28,0.053
1984-04-29,0.047
1984-04-30,0.045
1984-05-01,0.051
1984-05-02,0.146
1984-05-03,0.097
1984-05-04,0.069
1984-05-05,0.086
1984-05-06,0.126
1984-05-07,0.736
1984-05-08,0.394
1984-05-09,0.189
1984-05-10,0.145
1984-05-11,0.129
1984-05-12,0.129
1984-05-13,0.122
1984-05-14,0.118
1984-05-15,0.119
1984-05-16,0.11
1984-05-17,0.111
1984-05-18,0.113
1984-05-19,0.112
1984-05-20,0.259
1984-05-21,0.198
1984-05-22,0.157
1984-05-23,0.8
1984-05-24,0.421
1984-05-25,0.328
1984-05-26,1.482
1984-05-27,1.833
1984-05-28,0.876
1984-05-29,0.514
1984-05-30,0.303
1984-05-31,0.229
1984-06-01,0.183
1984-06-02,0.153
1984-06-03,0.151
1984-06-04,0.135
1984-06-05,0.123
1984-06-06,0.127
1984-06-07,0.122
1984-06-08,0.123
1984-06-09,0.111
1984-06-10,0.1
1984-06-11,0.087
1984-06-12,0.082
1984-06-13,0.077
1984-06-14,0.069
1984-06-15,0.063
1984-06-16,0.06
1984-06-17,0.054
1984-06-18,0.048
1984-06-19,0.049
1984-06-20,0.053
1984-06-21,0.049
1984-06-22,0.044
1984-06-23,0.037
1984-06-24,0.036
1984-06-25,0.037
1984-06-26,0.05
1984-06-27,0.043
1984-06-28,0.032
1984-06-29,0.031
1984-06-30,0.031
1984-07-01,0.216
1984-07-02,0.13
1984-07-03,0.079
1984-07-04,0.076
1984-07-05,0.072
1984-07-06,0.064
1984-07-07,0.058
1984-07-08,0.051
1984-07-09,0.045
1984-07-10,0.046
1984-07-11,0.094
1984-07-12,0.08
1984-07-13,0.064
1984-07-14,0.057
1984-07-15,0.097
1984-07-16,0.066
1984-07-17,0.045
1984-07-18,0.037
1984-07-19,0.031
1984-07-20,0.027
1984-07-21,0.029
1984-07-22,0.03
1984-07-23,0.03
1984-07-24,0.056
1984-07-25,0.053
1984-07-26,0.076
1984-07-27,0.044
1984-07-28,0.032
1984-07-29,0.029
1984-07-30,0.028
1984-07-31,0.031
1984-08-01,0.021
1984-08-02,0.024
1984-08-03,0.021
1984-08-04,0.025
1984-08-05,0.04
1984-08-06,0.024
1984-08-07,0.021
1984-08-08,0.019
1984-08-09,0.02
1984-08-10,0.018
1984-08-11,0.015
1984-08-12,0.016
1984-08-13,0.015
1984-08-14,0.011
1984-08-15,0.009
1984-08-16,0.01
1984-08-17,0.01
1984-08-18,0.011
1984-08-19,0.008
1984-08-20,0.011
1984-08-21,0.01
1984-08-22,0.01
1984-08-23,0.024
1984-08-24,0.032
1984-08-25,0.014
1984-08-26,0.01
1984-08-27,0.013
1984-08-28,0.024
1984-08-29,0.015
1984-08-30,0.012
1984-08-31,0.012
1984-09-01,0.01
1984-09-02,0.01
1984-09-03,0.009
1984-09-04,0.074
1984-09-05,0.111
1984-09-06,0.045
1984-09-07,0.025
1984-09-08,0.02
1984-09-09,0.021
1984-09-10,0.033
1984-09-11,0.02
1984-09-12,0.02
1984-09-13,0.021
1984-09-14,0.024
1984-09-15,0.021
1984-09-16,0.018
1984-09-26,0.087
1984-09-27,0.057
1984-09-28,0.047
1984-09-29,0.047
1984-09-30,0.051
1984-10-01,0.116
1984-10-02,0.092
1984-10-03,0.073
1984-10-04,0.055
1984-10-05,0.161
1984-10-06,0.18
1984-10-07,0.115
1984-10-08,0.082
1984-10-09,0.066
1984-10-10,0.066
1984-10-11,0.06
1984-10-12,0.047
1984-10-13,0.047
1984-10-14,0.047
1984-10-15,0.047
1984-10-16,0.047
1984-10-17,0.047
1984-10-18,0.056
1984-10-19,0.092
1984-10-20,0.11
1984-10-21,0.081
1984-10-22,0.071
1984-10-23,0.089
1984-10-24,0.055
1984-10-25,0.101
1984-10-26,0.17
1984-10-27,0.105
1984-10-28,0.17
1984-10-29,0.163
1984-10-30,0.11
1984-10-31,0.093
1984-11-01,0.079
1984-11-02,0.119
1984-11-03,0.077
1984-11-04,0.049
1984-11-05,0.037
1984-11-06,0.037
1984-11-07,0.042
1984-11-08,0.061
1984-11-09,0.184
1984-11-10,0.152
1984-11-11,0.098
1984-11-12,0.087
1984-11-13,0.175
1984-11-14,0.167
1984-11-15,0.133
1984-11-16,0.597
1984-11-17,0.698
1984-11-18,0.427
1984-11-19,0.403
1984-11-20,0.309
1984-11-21,0.27
1984-11-22,1.459
1984-11-23,2.926
1984-11-24,2.965
1984-11-25,1.492
1984-11-26,0.811
1984-11-27,0.44
1984-11-28,0.355
1984-11-29,0.32
1984-11-30,0.449
1984-12-01,2.063
1984-12-02,0.813
1984-12-03,0.468
1984-12-04,0.422
1984-12-05,0.342
1984-12-06,0.295
1984-12-07,0.261
1984-12-08,0.258
1984-12-09,0.249
1984-12-10,0.233
1984-12-11,0.222
1984-12-12,0.207
1984-12-13,0.319
1984-12-14,0.402
1984-12-15,0.427
1984-12-16,0.383
1984-12-17,0.894
1984-12-18,3.36
1984-12-19,1.632
1984-12-20,3.045
1984-12-21,2.603
1984-12-22,1.253
1984-12-23,1.033
1984-12-24,0.968
1984-12-25,0.719
1984-12-26,0.89
1984-12-27,0.534
1984-12-28,0.457
1984-12-29,0.311
1984-12-30,0.407
1984-12-31,0.82
1985-01-01,0.752
1985-01-02,0.56
1985-01-03,0.443
1985-01-04,0.409
1985-01-05,0.308
1985-01-06,0.178
1985-01-07,0.178
1985-01-08,0.198
1985-01-09,0.185
1985-01-10,0.178
1985-01-11,0.17
1985-01-12,0.163
1985-01-13,0.156
1985-01-14,0.138
1985-01-15,0.121
1985-01-16,0.132
1985-01-17,0.157
1985-01-18,0.203
1985-01-19,0.292
1985-01-20,2.2
1985-01-21,4.159
1985-01-22,3.257
1985-01-23,1.506
1985-01-24,1.102
1985-01-25,2.073
1985-01-26,2.189
1985-01-27,1.173
1985-01-28,0.779
1985-01-29,0.914
1985-01-30,0.643
1985-01-31,0.459
1985-02-01,0.407
1985-02-02,0.342
1985-02-03,0.284
1985-02-04,0.274
1985-02-05,0.249
1985-02-06,0.228
1985-02-07,0.209
1985-02-08,0.216
1985-02-09,1.114
1985-02-10,0.624
1985-02-11,0.647
1985-02-12,0.348
1985-02-13,0.273
1985-02-14,0.752
1985-02-15,1.984
1985-02-16,0.872
1985-02-17,0.566
1985-02-18,0.437
1985-02-19,0.345
1985-02-20,0.266
1985-02-21,0.269
1985-02-22,0.292
1985-02-23,0.36
1985-02-24,0.462
1985-02-25,0.5
1985-02-26,0.399
1985-02-27,0.345
1985-02-28,0.288
1985-03-01,0.567
1985-03-02,0.761
1985-03-03,1.668
1985-03-04,3.919
1985-03-05,2.005
1985-03-06,0.833
1985-03-07,0.528
1985-03-08,0.418
1985-03-09,0.342
1985-03-10,0.289
1985-03-11,0.242
1985-03-12,0.218
1985-03-13,0.209
1985-03-14,0.2
1985-03-15,0.196
1985-03-16,0.428
1985-03-17,0.448
1985-03-18,0.287
1985-03-19,0.231
1985-03-20,0.202
1985-03-21,0.55
1985-03-22,1.033
1985-03-23,0.67
1985-03-24,0.601
1985-03-25,0.753
1985-03-26,2.344
1985-03-27,2.029
1985-03-28,0.719
1985-03-29,0.429
1985-03-30,0.49
1985-03-31,1.925
1985-04-01,0.765
1985-04-02,0.457
1985-04-03,0.361
1985-04-04,0.322
1985-04-05,0.335
1985-04-06,1.569
1985-04-07,3.13
1985-04-08,2.894
1985-04-09,1.354
1985-04-10,1.631
1985-04-11,2.171
1985-04-12,1.806
1985-04-13,1.176
1985-04-14,1.055
1985-04-15,0.536
1985-04-16,0.433
1985-04-17,0.362
1985-04-18,0.306
1985-04-19,0.261
1985-04-20,0.221
1985-04-21,0.198
1985-04-22,0.174
1985-04-23,0.538
1985-04-24,0.314
1985-04-25,0.213
1985-04-26,0.165
1985-04-27,0.132
1985-04-28,0.125
1985-04-29,0.121
1985-04-30,0.117
1985-05-01,0.112
1985-05-02,0.137
1985-05-03,0.161
1985-05-04,0.131
1985-05-05,0.125
1985-05-06,0.119
1985-05-07,0.114
1985-05-08,0.109
1985-05-09,0.103
1985-05-10,0.098
1985-05-11,0.093
1985-05-12,0.096
1985-05-13,0.124
1985-05-14,0.134
1985-05-15,0.169
1985-05-16,0.122
1985-05-17,0.09
1985-05-18,0.094
1985-05-19,0.149
1985-05-20,0.212
1985-05-21,0.515
1985-05-22,0.318
1985-05-23,0.219
1985-05-24,0.175
1985-05-25,0.146
1985-05-26,0.18
1985-05-27,0.164
1985-05-28,0.134
1985-05-29,0.114
1985-05-30,0.102
1985-05-31,0.094
1985-06-01,0.077
1985-06-02,0.055
1985-06-03,0.492
1985-06-04,1.65
1985-06-05,0.527
1985-06-06,0.478
1985-06-07,0.28
1985-06-08,0.179
1985-06-09,0.188
1985-06-10,0.228
1985-06-11,0.174
1985-06-12,0.146
1985-06-13,0.117
1985-06-14,0.104
1985-06-15,0.073
1985-06-16,0.079
1985-06-17,0.087
1985-06-18,0.08
1985-06-19,0.066
1985-06-20,0.066
1985-06-21,0.095
1985-06-22,0.067
1985-06-23,0.098
1985-06-24,0.09
1985-06-25,0.067
1985-06-26,0.073
1985-06-27,0.06
1985-06-28,0.052
1985-06-29,0.029
1985-06-30,0.021
1985-07-01,0.021
1985-07-02,0.021
1985-07-03,0.021
1985-07-04,0.021
1985-07-05,0.021
1985-07-06,0.021
1985-07-07,0.021
1985-07-08,0.021
1985-07-09,0.021
1985-07-10,0.021
1985-07-11,0.021
1985-07-12,0.024
1985-07-13,0.027
1985-07-14,0.026
1985-07-15,0.025
1985-07-16,0.031
1985-07-17,0.033
1985-07-18,0.151
1985-07-19,0.139
1985-07-20,0.066
1985-07-21,0.048
1985-07-22,0.042
1985-07-23,0.038
1985-07-24,0.035
1985-07-25,0.04
1985-07-26,0.125
1985-07-27,0.061
1985-07-28,0.07
1985-07-29,0.105
1985-07-30,0.066
1985-07-31,0.115
1985-08-01,0.062
1985-08-02,0.052
1985-08-03,0.043
1985-08-04,0.036
1985-08-05,0.056
1985-08-06,0.141
1985-08-07,0.076
1985-08-08,0.053
1985-08-09,0.061
1985-08-10,0.082
1985-08-11,0.087
1985-08-12,0.073
1985-08-13,0.066
1985-08-14,0.066
1985-08-15,0.066
1985-08-16,0.066
1985-08-17,0.066
1985-08-18,0.066
1985-08-19,0.066
1985-08-20,0.066
1985-08-21,0.066
1985-08-22,0.066
1985-08-23,0.067
1985-08-24,0.076
1985-08-25,0.024
1985-08-26,0.05
1985-08-27,0.042
1985-08-28,0.038
1985-08-29,0.035
1985-08-30,0.031
1985-08-31,0.028
1985-09-01,0.025
1985-09-02,0.028
1985-09-03,0.052
1985-09-04,0.026
1985-09-05,0.045
1985-09-06,0.04
1985-09-07,0.031
1985-09-08,0.022
1985-09-09,0.027
1985-09-10,0.034
1985-09-11,0.021
1985-09-12,0.021
1985-09-13,0.02
1985-09-14,0.03
1985-09-15,0.036
1985-09-16,0.023
1985-09-17,0.025
1985-09-18,0.029
1985-09-19,0.028
1985-09-20,0.02
1985-09-21,0.021
1985-09-22,0.021
1985-09-23,0.021
1985-09-24,0.021
1985-09-25,0.036
1985-09-26,0.036
1985-09-27,0.027
1985-09-28,0.015
1985-09-29,0.018
1985-09-30,0.023
1985-10-01,0.025
1985-10-02,0.027
1985-10-03,0.029
1985-10-04,0.031
1985-10-05,0.03
1985-10-06,0.017
1985-10-07,0.024
1985-10-08,0.054
1985-10-09,0.039
1985-10-10,0.033
1985-10-11,0.028
1985-10-12,0.023
1985-10-13,0.02
1985-10-14,0.017
1985-10-15,0.012
1985-10-16,0.025
1985-10-17,0.024
1985-10-18,0.018
1985-10-19,0.019
1985-10-20,0.021
1985-10-21,0.026
1985-10-22,0.025
1985-10-23,0.021
1985-10-24,0.021
1985-10-25,0.021
1985-10-26,0.021
1985-10-27,0.025
1985-10-28,0.014
1985-10-29,0.03
1985-10-30,0.026
1985-10-31,0.022
1985-11-01,0.021
1985-11-02,0.021
1985-11-03,0.017
1985-11-04,0.031
1985-11-05,0.091
1985-11-06,0.039
1985-11-07,0.026
1985-11-08,0.095
1985-11-09,0.057
1985-11-10,0.07
1985-11-11,0.072
1985-11-12,0.033
1985-11-13,0.033
1985-11-14,0.033
1985-11-15,0.018
1985-11-16,0.024
1985-11-17,0.014
1985-11-18,0.014
1985-11-19,0.015
1985-11-20,0.017
1985-11-21,0.019
1985-11-22,0.02
1985-11-23,0.024
1985-11-24,0.022
1985-11-25,0.021
1985-11-26,0.021
1985-11-27,0.016
1985-11-28,0.015
1985-11-29,0.027
1985-11-30,0.055
1985-12-01,0.036
1985-12-02,0.038
1985-12-03,0.034
1985-12-04,0.019
1985-12-05,0.032
1985-12-06,0.033
1985-12-07,0.114
1985-12-08,0.105
1985-12-09,0.081
1985-12-10,0.048
1985-12-11,0.047
1985-12-12,0.047
1985-12-13,0.047
1985-12-14,0.047
1985-12-15,0.042
1985-12-16,0.036
1985-12-17,0.03
1985-12-18,0.026
1985-12-19,0.033
1985-12-20,0.03
1985-12-21,0.026
1985-12-22,0.024
1985-12-23,0.042
1985-12-24,0.042
1985-12-25,0.162
1985-12-26,0.248
1985-12-27,0.116
1985-12-28,0.09
1985-12-29,0.083
1985-12-30,0.077
1985-12-31,0.072
1986-01-01,0.139
1986-01-02,0.319
1986-01-03,0.688
1986-01-04,0.222
1986-01-05,1.336
1986-01-06,0.606
1986-01-07,0.919
1986-01-08,1.121
1986-01-09,0.484
1986-01-10,0.374
1986-01-11,0.496
1986-01-12,0.317
1986-01-13,0.321
1986-01-14,0.333
1986-01-15,0.352
1986-01-16,0.378
1986-01-17,0.265
1986-01-18,0.194
1986-01-19,0.249
1986-01-20,0.26
1986-01-21,0.251
1986-01-22,0.553
1986-01-23,2.16
1986-01-24,1.896
1986-01-25,0.754
1986-01-26,0.429
1986-01-27,0.528
1986-01-28,0.508
1986-01-29,1.538
1986-01-30,0.748
1986-01-31,0.456
1986-02-01,0.35
1986-02-02,0.384
1986-02-03,0.335
1986-02-04,0.281
1986-02-05,0.235
1986-02-06,0.197
1986-02-07,0.173
1986-02-08,0.143
1986-02-09,0.132
1986-02-10,0.122
1986-02-11,0.087
1986-02-12,0.1
1986-02-13,0.121
1986-02-14,0.088
1986-02-15,0.113
1986-02-16,0.127
1986-02-17,0.533
1986-02-18,0.59
1986-02-19,0.292
1986-02-20,0.208
1986-02-21,0.191
1986-02-22,0.143
1986-02-23,0.132
1986-02-24,0.132
1986-02-25,0.148
1986-02-26,0.109
1986-02-27,0.123
1986-02-28,0.289
1986-03-01,1.635
1986-03-02,1.386
1986-03-03,0.674
1986-03-04,0.503
1986-03-05,1.073
1986-03-06,1.088
1986-03-07,0.504
1986-03-08,0.464
1986-03-09,0.426
1986-03-10,0.42
1986-03-11,0.419
1986-03-12,0.288
1986-03-13,0.215
1986-03-14,0.18
1986-03-15,0.157
1986-03-16,0.149
1986-03-17,0.141
1986-03-18,0.151
1986-03-19,0.171
1986-03-20,0.18
1986-03-21,0.19
1986-03-22,0.149
1986-03-23,0.176
1986-03-24,0.661
1986-03-25,0.82
1986-03-26,0.672
1986-03-27,0.793
1986-03-28,0.811
1986-03-29,0.944
1986-03-30,2.536
1986-03-31,1.984
1986-04-01,1.043
1986-04-02,0.614
1986-04-03,0.44
1986-04-04,0.34
1986-04-05,0.255
1986-04-06,0.216
1986-04-07,0.248
1986-04-08,0.261
1986-04-09,0.22
1986-04-10,0.182
1986-04-11,0.147
1986-04-12,0.132
1986-04-13,0.132
1986-04-14,0.179
1986-04-15,0.376
1986-04-16,1.039
1986-04-17,0.919
1986-04-18,0.557
1986-04-19,0.534
1986-04-20,0.527
1986-04-21,1.27
1986-04-22,0.771
1986-04-23,0.484
1986-04-24,0.343
1986-04-25,0.3
1986-04-26,0.325
1986-04-27,0.349
1986-04-28,0.279
1986-04-29,0.203
1986-04-30,0.175
1986-05-01,0.156
1986-05-02,0.14
1986-05-03,0.335
1986-05-04,0.258
1986-05-05,1.282
1986-05-06,0.579
1986-05-07,0.457
1986-05-08,0.252
1986-05-09,0.212
1986-05-10,0.195
1986-05-11,0.178
1986-05-12,0.161
1986-05-13,0.146
1986-05-14,0.133
1986-05-15,0.222
1986-05-16,0.158
1986-05-17,0.184
1986-05-18,0.194
1986-05-19,0.134
1986-05-20,0.151
1986-05-21,0.104
1986-05-22,0.078
1986-05-23,0.066
1986-05-24,0.066
1986-05-25,0.066
1986-05-26,0.066
1986-05-27,0.072
1986-05-28,0.065
1986-05-29,0.057
1986-05-30,0.052
1986-05-31,0.058
1986-06-01,0.062
1986-06-02,0.057
1986-06-03,0.053
1986-06-04,0.049
1986-06-05,0.048
1986-06-06,0.05
1986-06-07,0.052
1986-06-08,0.054
1986-06-09,0.056
1986-06-10,0.058
1986-06-11,0.06
1986-06-12,0.062
1986-06-13,0.065
1986-06-14,0.045
1986-06-15,0.034
1986-06-16,0.036
1986-06-17,0.038
1986-06-18,0.04
1986-06-19,0.042
1986-06-20,0.044
1986-06-21,0.06
1986-06-22,0.071
1986-06-23,0.129
1986-06-24,0.068
1986-06-25,0.048
1986-06-26,0.047
1986-06-27,0.047
1986-06-28,0.031
1986-06-29,0.021
1986-06-30,0.021
1986-07-01,0.021
1986-07-02,0.021
1986-07-03,0.021
1986-07-04,0.021
1986-07-05,0.022
1986-07-06,0.091
1986-07-07,0.035
1986-07-08,0.022
1986-07-09,0.025
1986-07-10,0.028
1986-07-11,0.031
1986-07-12,0.028
1986-07-13,0.021
1986-07-14,0.021
1986-07-15,0.021
1986-07-16,0.021
1986-07-17,0.021
1986-07-18,0.021
1986-07-19,0.021
1986-07-20,0.021
1986-07-21,0.021
1986-07-22,0.021
1986-07-23,0.021
1986-07-24,0.021
1986-07-25,0.021
1986-07-26,0.024
1986-07-27,0.021
1986-07-28,0.02
1986-07-29,0.02
1986-07-30,0.019
1986-07-31,0.019
1986-08-01,0.018
1986-08-02,0.018
1986-08-03,0.017
1986-08-04,0.017
1986-08-05,0.016
1986-08-06,0.016
1986-08-07,0.015
1986-08-08,0.015
1986-08-09,0.014
1986-08-10,0.014
1986-08-11,0.015
1986-08-12,0.016
1986-08-13,0.016
1986-08-14,0.017
1986-08-15,0.018
1986-08-16,0.019
1986-08-17,0.02
1986-08-18,0.021
1986-08-19,0.035
1986-08-20,0.022
1986-08-21,0.017
1986-08-22,0.142
1986-08-23,0.046
1986-08-24,0.032
1986-08-25,0.03
1986-08-26,0.029
1986-08-27,0.028
1986-08-28,0.027
1986-08-29,0.025
1986-08-30,0.024
1986-08-31,0.023
1986-09-01,0.022
1986-09-02,0.021
1986-09-03,0.021
1986-09-04,0.021
1986-09-05,0.021
1986-09-06,0.021
1986-09-07,0.021
1986-09-08,0.021
1986-09-09,0.021
1986-09-10,0.021
1986-09-11,0.021
1986-09-12,0.021
1986-09-13,0.076
1986-09-14,0.028
1986-09-15,0.133
1986-09-16,0.092
1986-09-17,0.264
1986-09-18,0.175
1986-09-19,0.131
1986-09-20,0.06
1986-09-21,0.043
1986-09-22,0.039
1986-09-23,0.036
1986-09-24,0.033
1986-09-25,0.03
1986-09-26,0.027
1986-09-27,0.024
1986-09-28,0.022
1986-09-29,0.024
1986-09-30,0.028
1986-10-01,0.032
1986-10-02,0.037
1986-10-03,0.042
1986-10-04,0.047
1986-10-05,0.046
1986-10-06,0.045
1986-10-07,0.044
1986-10-08,0.043
1986-10-09,0.042
1986-10-10,0.041
1986-10-11,0.04
1986-10-12,0.039
1986-10-13,0.038
1986-10-14,0.038
1986-10-15,0.037
1986-10-16,0.036
1986-10-17,0.035
1986-10-18,0.034
1986-10-19,0.033
1986-10-20,0.046
1986-10-21,0.056
1986-10-22,0.096
1986-10-23,0.115
1986-10-24,0.047
1986-10-25,0.064
1986-10-26,0.05
1986-10-27,0.098
1986-10-28,0.142
1986-10-29,0.144
1986-10-30,0.077
1986-10-31,0.087
1986-11-01,0.095
1986-11-02,0.079
1986-11-03,0.084
1986-11-04,0.08
1986-11-05,0.076
1986-11-06,0.072
1986-11-07,0.068
1986-11-08,0.064
1986-11-09,0.06
1986-11-10,0.056
1986-11-11,0.053
1986-11-12,0.05
1986-11-13,0.166
1986-11-14,0.346
1986-11-15,0.575
1986-11-16,0.247
1986-11-17,0.267
1986-11-18,0.198
1986-11-19,0.233
1986-11-20,0.401
1986-11-21,0.389
1986-11-22,0.388
1986-11-23,0.288
1986-11-24,0.224
1986-11-25,0.223
1986-11-26,0.206
1986-11-27,0.179
1986-11-28,0.139
1986-11-29,0.13
1986-11-30,0.12
1986-12-01,0.11
1986-12-02,0.1
1986-12-03,0.09
1986-12-04,0.081
1986-12-05,0.071
1986-12-06,0.167
1986-12-07,0.167
1986-12-08,0.173
1986-12-09,0.149
1986-12-10,0.129
1986-12-11,0.112
1986-12-12,0.096
1986-12-13,0.569
1986-12-14,0.381
1986-12-15,0.588
1986-12-16,0.799
1986-12-17,0.393
1986-12-18,1.47
1986-12-19,2.184
1986-12-20,0.936
1986-12-21,0.871
1986-12-22,0.737
1986-12-23,0.389
1986-12-24,0.315
1986-12-25,1.105
1986-12-26,1.68
1986-12-27,1.033
1986-12-28,0.61
1986-12-29,0.439
1986-12-30,0.395
1986-12-31,0.381
1987-01-01,1.4
1987-01-02,1.476
1987-01-03,0.93
1987-01-04,0.489
1987-01-05,0.514
1987-01-06,0.437
1987-01-07,0.359
1987-01-08,0.312
1987-01-09,0.275
1987-01-10,0.233
1987-01-11,0.181
1987-01-12,0.239
1987-01-13,0.194
1987-01-14,0.217
1987-01-15,0.132
1987-01-16,0.08
1987-01-17,0.102
1987-01-18,0.122
1987-01-19,0.101
1987-01-20,0.08
1987-01-21,0.093
1987-01-22,0.115
1987-01-23,0.123
1987-01-24,0.137
1987-01-25,0.147
1987-01-26,0.132
1987-01-27,0.12
1987-01-28,0.138
1987-01-29,0.19
1987-01-30,0.213
1987-01-31,0.123
1987-02-01,0.108
1987-02-02,0.111
1987-02-03,0.156
1987-02-04,0.191
1987-02-05,0.191
1987-02-06,0.244
1987-02-07,0.969
1987-02-08,0.434
1987-02-09,0.352
1987-02-10,0.399
1987-02-11,0.289
1987-02-12,0.296
1987-02-13,0.331
1987-02-14,0.697
1987-02-15,0.37
1987-02-16,0.27
1987-02-17,0.256
1987-02-18,0.23
1987-02-19,0.198
1987-02-20,0.191
1987-02-21,0.188
1987-02-22,0.185
1987-02-23,0.223
1987-02-24,0.2
1987-02-25,0.221
1987-02-26,0.469
1987-02-27,0.752
1987-02-28,0.513
1987-03-01,0.394
1987-03-02,0.308
1987-03-03,0.229
1987-03-04,0.206
1987-03-05,0.205
1987-03-06,0.181
1987-03-07,0.182
1987-03-08,0.212
1987-03-09,0.186
1987-03-10,0.163
1987-03-11,0.152
1987-03-12,0.144
1987-03-13,0.137
1987-03-14,0.129
1987-03-15,0.122
1987-03-16,0.116
1987-03-17,0.11
1987-03-18,0.114
1987-03-19,0.122
1987-03-20,0.143
1987-03-21,1.88
1987-03-22,1.248
1987-03-23,0.971
1987-03-24,2.458
1987-03-25,2.483
1987-03-26,1.149
1987-03-27,0.872
1987-03-28,0.865
1987-03-29,0.787
1987-03-30,0.599
1987-03-31,0.515
1987-04-01,0.842
1987-04-02,1.276
1987-04-03,1.204
1987-04-04,1.039
1987-04-05,0.647
1987-04-06,0.494
1987-04-07,0.471
1987-04-08,0.402
1987-04-09,0.364
1987-04-10,0.32
1987-04-11,0.29
1987-04-12,0.223
1987-04-13,0.204
1987-04-14,0.189
1987-04-15,0.174
1987-04-16,0.159
1987-04-17,0.145
1987-04-18,0.125
1987-04-19,0.106
1987-04-20,0.103
1987-04-21,0.1
1987-04-22,0.097
1987-04-23,0.093
1987-04-24,0.09
1987-04-25,0.087
1987-04-26,0.084
1987-04-27,0.081
1987-04-28,0.078
1987-04-29,0.075
1987-04-30,0.072
1987-05-01,0.069
1987-05-02,0.077
1987-05-03,0.1
1987-05-04,0.115
1987-05-05,0.105
1987-05-06,0.127
1987-05-07,0.12
1987-05-08,0.113
1987-05-09,0.105
1987-05-10,0.098
1987-05-11,0.091
1987-05-12,0.103
1987-05-13,0.098
1987-05-14,0.104
1987-05-15,0.153
1987-05-16,0.097
1987-05-17,0.098
1987-05-18,0.122
1987-05-19,0.111
1987-05-20,0.103
1987-05-21,0.106
1987-05-22,0.103
1987-05-23,0.099
1987-05-24,0.095
1987-05-25,0.092
1987-05-26,0.104
1987-05-27,0.098
1987-05-28,0.087
1987-05-29,0.087
1987-05-30,0.06
1987-05-31,0.055
1987-06-01,0.063
1987-06-02,0.061
1987-06-03,0.053
1987-06-04,0.083
1987-06-05,0.086
1987-06-06,0.073
1987-06-07,0.335
1987-06-08,0.345
1987-06-09,0.166
1987-06-10,0.233
1987-06-11,0.309
1987-06-12,0.197
1987-06-13,0.128
1987-06-14,0.087
1987-06-15,0.202
1987-06-16,0.508
1987-06-17,0.264
1987-06-18,0.235
1987-06-19,0.947
1987-06-20,0.384
1987-06-21,0.198
1987-06-22,0.169
1987-06-23,0.15
1987-06-24,0.125
1987-06-25,0.082
1987-06-26,0.073
1987-06-27,0.091
1987-06-28,0.108
1987-06-29,0.108
1987-06-30,0.108
1987-07-01,0.092
1987-07-02,0.069
1987-07-03,0.051
1987-07-04,0.051
1987-07-05,0.055
1987-07-06,0.06
1987-07-07,0.064
1987-07-08,0.066
1987-07-09,0.066
1987-07-10,0.064
1987-07-11,0.039
1987-07-12,0.026
1987-07-13,0.033
1987-07-14,0.039
1987-07-15,0.046
1987-07-16,0.06
1987-07-17,0.254
1987-07-18,0.176
1987-07-19,0.25
1987-07-20,0.273
1987-07-21,0.183
1987-07-22,0.704
1987-07-23,0.818
1987-07-24,0.456
1987-07-25,0.234
1987-07-26,0.152
1987-07-27,0.117
1987-07-28,0.102
1987-07-29,0.092
1987-07-30,0.097
1987-07-31,0.087
1987-08-01,0.097
1987-08-02,0.086
1987-08-03,0.066
1987-08-04,0.061
1987-08-05,0.044
1987-08-06,0.051
1987-08-07,0.033
1987-08-08,0.051
1987-08-09,0.045
1987-08-10,0.044
1987-08-11,0.042
1987-08-12,0.041
1987-08-13,0.039
1987-08-14,0.038
1987-08-15,0.036
1987-08-16,0.035
1987-08-17,0.034
1987-08-18,0.029
1987-08-19,0.023
1987-08-20,0.047
1987-08-21,0.029
1987-08-22,0.017
1987-08-23,0.016
1987-08-24,0.044
1987-08-25,0.06
1987-08-26,0.034
1987-08-27,0.073
1987-08-28,0.02
1987-08-29,0.016
1987-08-30,0.015
1987-08-31,0.016
1987-09-01,0.018
1987-09-02,0.019
1987-09-03,0.035
1987-09-04,0.049
1987-09-05,0.066
1987-09-06,0.08
1987-09-07,0.074
1987-09-08,0.057
1987-09-09,0.044
1987-09-10,0.038
1987-09-11,0.03
1987-09-12,0.021
1987-09-13,0.021
1987-09-14,0.021
1987-09-15,0.021
1987-09-16,0.021
1987-09-17,0.021
1987-09-18,0.021
1987-09-19,0.027
1987-09-20,0.03
1987-09-21,0.043
1987-09-22,0.037
1987-09-23,0.044
1987-09-24,0.035
1987-09-25,0.038
1987-09-26,0.04
1987-09-27,0.043
1987-09-28,0.041
1987-09-29,0.03
1987-09-30,0.027
1987-10-01,0.024
1987-10-02,0.05
1987-10-03,0.059
1987-10-04,0.047
1987-10-05,0.051
1987-10-06,0.037
1987-10-07,0.071
1987-10-08,0.21
1987-10-09,0.075
1987-10-10,0.305
1987-10-11,0.221
1987-10-12,0.116
1987-10-13,0.171
1987-10-14,0.593
1987-10-15,2.061
1987-10-16,2.302
1987-10-17,0.951
1987-10-18,0.44
1987-10-19,0.284
1987-10-20,0.717
1987-10-21,1.091
1987-10-22,0.447
1987-10-23,0.284
1987-10-24,0.229
1987-10-25,0.198
1987-10-26,0.191
1987-10-27,0.191
1987-10-28,0.278
1987-10-29,0.19
1987-10-30,0.174
1987-10-31,0.187
1987-11-01,0.117
1987-11-02,0.096
1987-11-03,0.114
1987-11-04,0.104
1987-11-05,0.121
1987-11-06,0.132
1987-11-07,0.132
1987-11-08,0.124
1987-11-09,0.962
1987-11-10,0.742
1987-11-11,0.537
1987-11-12,1.854
1987-11-13,1.569
1987-11-14,1.022
1987-11-15,1.253
1987-11-16,1.992
1987-11-17,1.044
1987-11-18,0.465
1987-11-19,0.346
1987-11-20,0.263
1987-11-21,0.201
1987-11-22,0.201
1987-11-23,0.286
1987-11-24,0.258
1987-11-25,0.213
1987-11-26,0.189
1987-11-27,0.147
1987-11-28,0.119
1987-11-29,0.108
1987-11-30,0.108
1987-12-01,0.106
1987-12-02,0.1
1987-12-03,0.095
1987-12-04,0.09
1987-12-05,0.103
1987-12-06,0.716
1987-12-07,0.613
1987-12-08,0.334
1987-12-09,0.202
1987-12-10,0.159
1987-12-11,0.142
1987-12-12,0.12
1987-12-13,0.108
1987-12-14,0.146
1987-12-15,0.346
1987-12-16,0.877
1987-12-17,1.136
1987-12-18,1.603
1987-12-19,1.276
1987-12-20,0.687
1987-12-21,0.407
1987-12-22,0.344
1987-12-23,0.317
1987-12-24,0.29
1987-12-25,0.473
1987-12-26,0.393
1987-12-27,0.291
1987-12-28,0.258
1987-12-29,0.258
1987-12-30,0.34
1987-12-31,0.612
1988-01-01,0.489
1988-01-02,0.947
1988-01-03,0.813
1988-01-04,1.263
1988-01-05,2.394
1988-01-06,3.804
1988-01-07,3.434
1988-01-08,2.678
1988-01-09,2.179
1988-01-10,2.617
1988-01-11,2.007
1988-01-12,1.081
1988-01-13,1.654
1988-01-14,1.828
1988-01-15,0.978
1988-01-16,0.673
1988-01-17,0.509
1988-01-18,0.449
1988-01-19,0.436
1988-01-20,0.83
1988-01-21,0.621
1988-01-22,2.006
1988-01-23,0.99
1988-01-24,1.219
1988-01-25,3.102
1988-01-26,1.919
1988-01-27,1.214
1988-01-28,1.675
1988-01-29,3.688
1988-01-30,1.924
1988-01-31,1.157
1988-02-01,3.449
1988-02-02,2.345
1988-02-03,2.007
1988-02-04,3.069
1988-02-05,2.711
1988-02-06,2.765
1988-02-07,3.655
1988-02-08,2.054
1988-02-09,1.659
1988-02-10,1.018
1988-02-11,2.054
1988-02-12,3.756
1988-02-13,1.753
1988-02-14,1.103
1988-02-15,0.729
1988-02-16,0.508
1988-02-17,0.421
1988-02-18,0.405
1988-02-19,0.379
1988-02-20,0.335
1988-02-21,0.28
1988-02-22,0.251
1988-02-23,0.223
1988-02-24,0.223
1988-02-25,0.223
1988-02-26,0.223
1988-02-27,0.213
1988-02-28,0.188
1988-02-29,0.165
1988-03-01,0.159
1988-03-02,0.159
1988-03-03,0.163
1988-03-04,0.205
1988-03-05,0.164
1988-03-06,0.159
1988-03-07,0.168
1988-03-08,0.186
1988-03-09,0.178
1988-03-10,0.164
1988-03-11,0.159
1988-03-12,0.144
1988-03-13,0.145
1988-03-14,0.145
1988-03-15,0.214
1988-03-16,0.428
1988-03-17,0.504
1988-03-18,3.458
1988-03-19,2.461
1988-03-20,1.07
1988-03-21,1.129
1988-03-22,0.638
1988-03-23,0.525
1988-03-24,0.37
1988-03-25,0.41
1988-03-26,0.414
1988-03-27,0.334
1988-03-28,0.249
1988-03-29,0.283
1988-03-30,1.023
1988-03-31,0.769
1988-04-01,0.444
1988-04-02,0.33
1988-04-03,0.255
1988-04-04,0.209
1988-04-05,0.22
1988-04-06,0.232
1988-04-07,0.201
1988-04-08,0.22
1988-04-09,0.191
1988-04-10,0.191
1988-04-11,0.191
1988-04-12,0.274
1988-04-13,0.325
1988-04-14,0.217
1988-04-15,0.201
1988-04-16,0.272
1988-04-17,0.253
1988-04-18,0.174
1988-04-19,0.176
1988-04-20,0.286
1988-04-21,0.189
1988-04-22,0.151
1988-04-23,0.135
1988-04-24,0.12
1988-04-25,0.11
1988-04-26,0.108
1988-04-27,0.108
1988-04-28,0.109
1988-04-29,0.135
1988-04-30,0.114
1988-05-01,0.248
1988-05-02,0.311
1988-05-03,0.766
1988-05-04,0.707
1988-05-05,0.313
1988-05-06,0.223
1988-05-07,0.17
1988-05-08,0.143
1988-05-09,0.196
1988-05-10,0.336
1988-05-11,0.24
1988-05-12,0.195
1988-05-13,0.156
1988-05-14,0.132
1988-05-15,0.121
1988-05-16,0.187
1988-05-17,0.186
1988-05-18,1.462
1988-05-19,1.462
1988-05-20,0.365
1988-05-21,0.222
1988-05-22,0.186
1988-05-23,0.176
1988-05-24,0.165
1988-05-25,0.156
1988-05-26,0.147
1988-05-27,0.138
1988-05-28,0.138
1988-05-29,0.238
1988-05-30,0.902
1988-05-31,1.276
1988-06-01,1.332
1988-06-02,0.656
1988-06-03,0.412
1988-06-04,0.294
1988-06-05,0.231
1988-06-06,0.204
1988-06-07,0.184
1988-06-08,0.164
1988-06-09,0.15
1988-06-10,0.14
1988-06-11,0.118
1988-06-12,0.102
1988-06-13,0.095
1988-06-14,0.1
1988-06-15,0.203
1988-06-16,0.101
1988-06-17,0.089
1988-06-18,0.08
1988-06-19,0.072
1988-06-20,0.063
1988-06-21,0.055
1988-06-22,0.048
1988-06-23,0.042
1988-06-24,0.036
1988-06-25,0.041
1988-06-26,0.05
1988-06-27,0.054
1988-06-28,0.058
1988-06-29,0.062
1988-06-30,0.078
1988-07-01,0.189
1988-07-02,0.11
1988-07-03,0.181
1988-07-04,0.266
1988-07-05,0.17
1988-07-06,0.125
1988-07-07,0.117
1988-07-08,0.118
1988-07-09,0.203
1988-07-10,0.101
1988-07-11,0.086
1988-07-12,0.065
1988-07-13,0.062
1988-07-14,0.06
1988-07-15,0.057
1988-07-16,0.055
1988-07-17,0.053
1988-07-18,0.05
1988-07-19,0.048
1988-07-20,0.021
1988-07-21,0.03
1988-07-22,0.033
1988-07-23,0.041
1988-07-24,0.047
1988-07-25,0.047
1988-07-26,0.095
1988-07-27,0.108
1988-07-28,0.079
1988-07-29,0.069
1988-07-30,0.066
1988-07-31,0.066
1988-08-01,0.066
1988-08-02,0.066
1988-08-03,0.066
1988-08-04,0.066
1988-08-05,0.066
1988-08-06,0.044
1988-08-07,0.034
1988-08-08,0.035
1988-08-09,0.036
1988-08-10,0.037
1988-08-11,0.038
1988-08-12,0.038
1988-08-13,0.039
1988-08-14,0.04
1988-08-15,0.041
1988-08-16,0.043
1988-08-17,0.044
1988-08-18,0.045
1988-08-19,0.046
1988-08-20,0.047
1988-08-21,0.047
1988-08-22,0.047
1988-08-23,0.047
1988-08-24,0.047
1988-08-25,0.06
1988-08-26,0.066
1988-08-27,0.066
1988-08-28,0.066
1988-08-29,0.097
1988-08-30,0.083
1988-08-31,0.066
1988-09-01,0.09
1988-09-02,0.125
1988-09-03,0.194
1988-09-04,0.124
1988-09-05,0.086
1988-09-06,0.071
1988-09-07,0.052
1988-09-08,0.05
1988-09-09,0.052
1988-09-10,0.055
1988-09-11,0.058
1988-09-12,0.062
1988-09-13,0.065
1988-09-14,0.066
1988-09-15,0.066
1988-09-16,0.066
1988-09-17,0.056
1988-09-18,0.047
1988-09-19,0.047
1988-09-20,0.047
1988-09-21,0.047
1988-09-22,0.047
1988-09-23,0.047
1988-09-24,0.047
1988-09-25,0.047
1988-09-26,0.047
1988-09-27,0.047
1988-09-28,0.047
1988-09-29,0.064
1988-09-30,0.059
1988-10-01,0.033
1988-10-02,0.025
1988-10-03,0.029
1988-10-04,0.028
1988-10-05,0.03
1988-10-06,0.058
1988-10-07,0.093
1988-10-08,0.049
1988-10-09,0.066
1988-10-10,0.084
1988-10-11,0.047
1988-10-12,0.065
1988-10-13,0.073
1988-10-14,0.049
1988-10-15,0.031
1988-10-16,0.025
1988-10-17,0.034
1988-10-18,0.135
1988-10-19,0.163
1988-10-20,0.117
1988-10-21,0.068
1988-10-22,0.049
1988-10-23,0.052
1988-10-24,0.055
1988-10-25,0.058
1988-10-26,0.062
1988-10-27,0.059
1988-10-28,0.059
1988-10-29,0.054
1988-10-30,0.047
1988-10-31,0.047
1988-11-01,0.047
1988-11-02,0.047
1988-11-03,0.047
1988-11-04,0.047
1988-11-05,0.047
1988-11-06,0.047
1988-11-07,0.047
1988-11-08,0.047
1988-11-09,0.047
1988-11-10,0.047
1988-11-11,0.051
1988-11-12,0.059
1988-11-13,0.047
1988-11-14,0.047
1988-11-15,0.047
1988-11-16,0.047
1988-11-17,0.047
1988-11-18,0.047
1988-11-19,0.047
1988-11-20,0.047
1988-11-21,0.047
1988-11-22,0.047
1988-11-23,0.047
1988-11-24,0.047
1988-11-25,0.047
1988-11-26,0.033
1988-11-27,0.025
1988-11-28,0.03
1988-11-29,0.112
1988-11-30,0.199
1988-12-01,0.732
1988-12-02,0.244
1988-12-03,0.12
1988-12-04,0.341
1988-12-05,0.484
1988-12-06,1.253
1988-12-07,0.442
1988-12-08,0.226
1988-12-09,0.17
1988-12-10,0.124
1988-12-11,0.062
1988-12-12,0.044
1988-12-13,0.035
1988-12-14,0.033
1988-12-15,0.033
1988-12-16,0.033
1988-12-17,0.028
1988-12-18,0.02
1988-12-19,0.017
1988-12-20,0.015
1988-12-21,0.022
1988-12-22,0.027
1988-12-23,0.025
1988-12-24,0.073
1988-12-25,0.1
1988-12-26,0.091
1988-12-27,0.083
1988-12-28,0.075
1988-12-29,0.071
1988-12-30,0.081
1988-12-31,0.071
1989-01-01,0.09
1989-01-02,0.105
1989-01-03,0.096
1989-01-04,0.088
1989-01-05,0.089
1989-01-06,0.421
1989-01-07,0.273
1989-01-08,0.22
1989-01-09,0.178
1989-01-10,0.177
1989-01-11,0.161
1989-01-12,0.192
1989-01-13,0.186
1989-01-14,0.159
1989-01-15,0.159
1989-01-16,0.159
1989-01-17,0.136
1989-01-18,0.144
1989-01-19,0.149
1989-01-20,0.139
1989-01-21,0.226
1989-01-22,0.304
1989-01-23,0.23
1989-01-24,0.202
1989-01-25,0.18
1989-01-26,0.161
1989-01-27,0.153
1989-01-28,0.146
1989-01-29,0.14
1989-01-30,0.134
1989-01-31,0.127
1989-02-01,0.122
1989-02-02,0.117
1989-02-03,0.112
1989-02-04,0.142
1989-02-05,0.159
1989-02-06,0.159
1989-02-07,0.159
1989-02-08,0.159
1989-02-09,0.159
1989-02-10,0.159
1989-02-11,0.159
1989-02-12,0.159
1989-02-13,0.165
1989-02-14,0.178
1989-02-15,0.151
1989-02-16,0.126
1989-02-17,0.115
1989-02-18,0.188
1989-02-19,0.25
1989-02-20,0.359
1989-02-21,2.671
1989-02-22,1.324
1989-02-23,1.657
1989-02-24,1.048
1989-02-25,1.819
1989-02-26,1.31
1989-02-27,1.312
1989-02-28,0.998
1989-03-01,0.745
1989-03-02,1.026
1989-03-03,1.304
1989-03-04,0.659
1989-03-05,0.489
1989-03-06,0.395
1989-03-07,3.265
1989-03-08,1.797
1989-03-09,0.775
1989-03-10,0.488
1989-03-11,0.392
1989-03-12,0.379
1989-03-13,0.326
1989-03-14,0.314
1989-03-15,0.9
1989-03-16,2.183
1989-03-17,1.039
1989-03-18,0.522
1989-03-19,0.384
1989-03-20,0.411
1989-03-21,0.647
1989-03-22,0.763
1989-03-23,0.485
1989-03-24,0.38
1989-03-25,0.309
1989-03-26,0.266
1989-03-27,0.241
1989-03-28,0.215
1989-03-29,0.191
1989-03-30,0.178
1989-03-31,0.167
1989-04-01,0.146
1989-04-02,0.129
1989-04-03,0.12
1989-04-04,0.115
1989-04-05,0.158
1989-04-06,0.159
1989-04-07,0.19
1989-04-08,0.229
1989-04-09,0.159
1989-04-10,0.159
1989-04-11,0.373
1989-04-12,0.499
1989-04-13,0.504
1989-04-14,0.276
1989-04-15,0.431
1989-04-16,1.376
1989-04-17,0.828
1989-04-18,0.424
1989-04-19,0.331
1989-04-20,0.261
1989-04-21,0.208
1989-04-22,0.191
1989-04-23,0.181
1989-04-24,0.164
1989-04-25,0.148
1989-04-26,0.138
1989-04-27,0.215
1989-04-28,0.24
1989-04-29,0.208
1989-04-30,0.216
1989-05-01,0.209
1989-05-02,0.201
1989-05-03,0.192
1989-05-04,0.159
1989-05-05,0.152
1989-05-06,0.147
1989-05-07,0.142
1989-05-08,0.137
1989-05-09,0.126
1989-05-10,0.112
1989-05-11,0.152
1989-05-12,0.136
1989-05-13,0.097
1989-05-14,0.087
1989-05-15,0.087
1989-05-16,0.087
1989-05-17,0.094
1989-05-18,0.153
1989-05-19,0.093
1989-05-20,0.083
1989-05-21,0.08
1989-05-22,0.076
1989-05-23,0.072
1989-05-24,0.069
1989-05-25,0.122
1989-05-26,0.087
1989-05-27,0.074
1989-05-28,0.063
1989-05-29,0.06
1989-05-30,0.057
1989-05-31,0.055
1989-06-01,0.052
1989-06-02,0.05
1989-06-03,0.047
1989-06-04,0.044
1989-06-05,0.042
1989-06-06,0.04
1989-06-07,0.038
1989-06-08,0.036
1989-06-09,0.034
1989-06-10,0.033
1989-06-11,0.033
1989-06-12,0.033
1989-06-13,0.033
1989-06-14,0.033
1989-06-15,0.033
1989-06-16,0.033
1989-06-17,0.033
1989-06-18,0.033
1989-06-19,0.033
1989-06-20,0.033
1989-06-21,0.033
1989-06-22,0.033
1989-06-23,0.033
1989-06-24,0.033
1989-06-25,0.037
1989-06-26,0.042
1989-06-27,0.086
1989-06-28,0.07
1989-06-29,0.11
1989-06-30,0.104
1989-07-01,0.096
1989-07-02,0.088
1989-07-03,0.08
1989-07-04,0.072
1989-07-05,0.054
1989-07-06,0.047
1989-07-07,0.068
1989-07-08,0.1
1989-07-09,0.045
1989-07-10,0.021
1989-07-11,0.021
1989-07-12,0.021
1989-07-13,0.021
1989-07-14,0.021
1989-07-15,0.021
1989-07-16,0.021
1989-07-17,0.021
1989-07-18,0.021
1989-07-19,0.021
1989-07-20,0.021
1989-07-21,0.021
1989-07-22,0.021
1989-07-23,0.02
1989-07-24,0.022
1989-07-25,0.021
1989-07-26,0.022
1989-07-27,0.023
1989-07-28,0.024
1989-07-29,0.025
1989-07-30,0.026
1989-07-31,0.027
1989-08-01,0.028
1989-08-02,0.029
1989-08-03,0.031
1989-08-04,0.032
1989-08-05,0.026
1989-08-06,0.021
1989-08-07,0.022
1989-08-08,0.027
1989-08-09,0.024
1989-08-10,0.014
1989-08-11,0.014
1989-08-12,0.014
1989-08-13,0.014
1989-08-14,0.014
1989-08-15,0.015
1989-08-16,0.016
1989-08-17,0.018
1989-08-18,0.019
1989-08-19,0.02
1989-08-20,0.016
1989-08-21,0.013
1989-08-22,0.012
1989-08-23,0.01
1989-08-24,0.009
1989-08-25,0.013
1989-08-26,0.013
1989-08-27,0.011
1989-08-28,0.01
1989-08-29,0.01
1989-08-30,0.026
1989-08-31,0.033
1989-09-01,0.033
1989-09-02,0.022
1989-09-03,0.014
1989-09-04,0.014
1989-09-05,0.014
1989-09-06,0.015
1989-09-07,0.017
1989-09-08,0.014
1989-09-09,0.019
1989-09-10,0.042
1989-09-11,0.036
1989-09-12,0.041
1989-09-13,0.056
1989-09-14,0.032
1989-09-15,0.025
1989-09-16,0.017
1989-09-17,0.015
1989-09-18,0.015
1989-09-19,0.015
1989-09-20,0.016
1989-09-21,0.016
1989-09-22,0.017
1989-09-23,0.018
1989-09-24,0.018
1989-09-25,0.019
1989-09-26,0.019
1989-09-27,0.02
1989-09-28,0.02
1989-09-29,0.021
1989-09-30,0.028
1989-10-01,0.033
1989-10-02,0.033
1989-10-03,0.033
1989-10-04,0.033
1989-10-05,0.033
1989-10-06,0.033
1989-10-07,0.033
1989-10-08,0.033
1989-10-09,0.033
1989-10-10,0.033
1989-10-11,0.033
1989-10-12,0.033
1989-10-13,0.033
1989-10-14,0.025
1989-10-15,0.02
1989-10-16,0.019
1989-10-17,0.017
1989-10-18,0.016
1989-10-19,0.015
1989-10-20,0.042
1989-10-21,0.021
1989-10-22,0.021
1989-10-23,0.021
1989-10-24,0.021
1989-10-25,0.021
1989-10-26,0.021
1989-10-27,0.021
1989-10-28,0.036
1989-10-29,0.041
1989-10-30,0.036
1989-10-31,0.033
1989-11-01,0.04
1989-11-02,0.053
1989-11-03,0.058
1989-11-04,0.047
1989-11-05,0.058
1989-11-06,0.081
1989-11-07,0.047
1989-11-08,0.078
1989-11-09,0.048
1989-11-10,0.047
1989-11-11,0.042
1989-11-12,0.033
1989-11-13,0.033
1989-11-14,0.033
1989-11-15,0.033
1989-11-16,0.033
1989-11-17,0.033
1989-11-18,0.033
1989-11-19,0.033
1989-11-20,0.04
1989-11-21,0.061
1989-11-22,0.047
1989-11-23,0.047
1989-11-24,0.048
1989-11-25,0.045
1989-11-26,0.021
1989-11-27,0.021
1989-11-28,0.021
1989-11-29,0.021
1989-11-30,0.026
1989-12-01,0.033
1989-12-02,0.031
1989-12-03,0.029
1989-12-04,0.028
1989-12-05,0.026
1989-12-06,0.025
1989-12-07,0.023
1989-12-08,0.022
1989-12-09,0.022
1989-12-10,0.025
1989-12-11,0.029
1989-12-12,0.036
1989-12-13,0.076
1989-12-14,0.079
1989-12-15,0.277
1989-12-16,0.292
1989-12-17,0.173
1989-12-18,0.231
1989-12-19,0.206
1989-12-20,0.892
1989-12-21,0.358
1989-12-22,0.415
1989-12-23,0.263
1989-12-24,0.167
1989-12-25,0.298
1989-12-26,0.407
1989-12-27,0.239
1989-12-28,0.153
1989-12-29,0.135
1989-12-30,0.118
1989-12-31,0.101
1990-01-01,0.088
1990-01-02,0.087
1990-01-03,0.087
1990-01-04,0.087
1990-01-05,0.087
1990-01-06,0.064
1990-01-07,0.145
1990-01-08,0.133
1990-01-09,0.132
1990-01-10,0.133
1990-01-11,0.128
1990-01-12,0.106
1990-01-13,0.121
1990-01-14,0.159
1990-01-15,0.14
1990-01-16,0.126
1990-01-17,0.121
1990-01-18,0.117
1990-01-19,0.112
1990-01-20,0.108
1990-01-21,0.098
1990-01-22,0.091
1990-01-23,0.461
1990-01-24,2.758
1990-01-25,1.31
1990-01-26,0.659
1990-01-27,0.675
1990-01-28,0.564
1990-01-29,0.379
1990-01-30,0.401
1990-01-31,0.724
1990-02-01,0.661
1990-02-02,0.921
1990-02-03,0.625
1990-02-04,0.439
1990-02-05,0.347
1990-02-06,0.32
1990-02-07,0.333
1990-02-08,0.397
1990-02-09,0.297
1990-02-10,0.925
1990-02-11,1.291
1990-02-12,2.136
1990-02-13,1.982
1990-02-14,4.535
1990-02-15,3.052
1990-02-16,3.655
1990-02-17,2.216
1990-02-18,1.177
1990-02-19,0.774
1990-02-20,0.523
1990-02-21,0.408
1990-02-22,0.357
1990-02-23,0.323
1990-02-24,0.279
1990-02-25,0.41
1990-02-26,0.391
1990-02-27,0.335
1990-02-28,0.309
1990-03-01,0.38
1990-03-02,0.351
1990-03-03,0.277
1990-03-04,0.226
1990-03-05,0.189
1990-03-06,0.185
1990-03-07,0.181
1990-03-08,0.177
1990-03-09,0.173
1990-03-10,0.169
1990-03-11,0.165
1990-03-12,0.161
1990-03-13,0.142
1990-03-14,0.132
1990-03-15,0.132
1990-03-16,0.127
1990-03-17,0.112
1990-03-18,0.108
1990-03-19,0.107
1990-03-20,0.098
1990-03-21,0.088
1990-03-22,0.085
1990-03-23,0.083
1990-03-24,0.081
1990-03-25,0.078
1990-03-26,0.076
1990-03-27,0.074
1990-03-28,0.072
1990-03-29,0.07
1990-03-30,0.068
1990-03-31,0.066
1990-04-01,0.062
1990-04-02,0.058
1990-04-03,0.054
1990-04-04,0.05
1990-04-05,0.072
1990-04-06,0.077
1990-04-07,0.047
1990-04-08,0.047
1990-04-09,0.047
1990-04-10,0.047
1990-04-11,0.047
1990-04-12,0.063
1990-04-13,0.104
1990-04-14,0.112
1990-04-15,0.303
1990-04-16,0.143
1990-04-17,0.132
1990-04-18,0.132
1990-04-19,0.134
1990-04-20,0.24
1990-04-21,0.158
1990-04-22,0.149
1990-04-23,0.141
1990-04-24,0.131
1990-04-25,0.097
1990-04-26,0.087
1990-04-27,0.118
1990-04-28,0.094
1990-04-29,0.074
1990-04-30,0.088
1990-05-01,0.086
1990-05-02,0.083
1990-05-03,0.079
1990-05-04,0.075
1990-05-05,0.071
1990-05-06,0.067
1990-05-07,0.063
1990-05-08,0.059
1990-05-09,0.055
1990-05-10,0.052
1990-05-11,0.054
1990-05-12,0.063
1990-05-13,0.045
1990-05-14,0.042
1990-05-15,0.04
1990-05-16,0.039
1990-05-17,0.037
1990-05-18,0.035
1990-05-19,0.073
1990-05-20,0.133
1990-05-21,0.135
1990-05-22,0.086
1990-05-23,0.059
1990-05-24,0.048
1990-05-25,0.039
1990-05-26,0.042
1990-05-27,0.047
1990-05-28,0.047
1990-05-29,0.086
1990-05-30,0.056
1990-05-31,0.047
1990-06-01,0.047
1990-06-02,0.047
1990-06-03,0.047
1990-06-04,0.047
1990-06-05,0.047
1990-06-06,0.047
1990-06-07,0.047
1990-06-08,0.098
1990-06-09,0.048
1990-06-10,0.047
1990-06-11,0.047
1990-06-12,0.047
1990-06-13,0.046
1990-06-14,0.044
1990-06-15,0.042
1990-06-16,0.04
1990-06-17,0.039
1990-06-18,0.037
1990-06-19,0.036
1990-06-20,0.034
1990-06-21,0.106
1990-06-22,0.128
1990-06-23,0.041
1990-06-24,0.029
1990-06-25,0.026
1990-06-26,0.022
1990-06-27,0.029
1990-06-28,0.03
1990-06-29,0.026
1990-06-30,0.026
1990-07-01,0.024
1990-07-02,0.036
1990-07-03,0.11
1990-07-04,0.053
1990-07-05,0.108
1990-07-06,0.07
1990-07-07,0.04
1990-07-08,0.033
1990-07-09,0.033
1990-07-10,0.032
1990-07-11,0.029
1990-07-12,0.025
1990-07-13,0.022
1990-07-14,0.02
1990-07-15,0.019
1990-07-16,0.017
1990-07-17,0.016
1990-07-18,0.018
1990-07-19,0.023
1990-07-20,0.016
1990-07-21,0.018
1990-07-22,0.018
1990-07-23,0.019
1990-07-24,0.016
1990-07-25,0.037
1990-07-26,0.022
1990-07-27,0.014
1990-07-28,0.024
1990-07-29,0.024
1990-07-30,0.021
1990-07-31,0.021
1990-08-01,0.022
1990-08-02,0.025
1990-08-03,0.023
1990-08-04,0.027
1990-08-05,0.028
1990-08-06,0.032
1990-08-07,0.029
1990-08-08,0.027
1990-08-09,0.025
1990-08-10,0.023
1990-08-11,0.022
1990-08-12,0.023
1990-08-13,0.026
1990-08-14,0.028
1990-08-15,0.03
1990-08-16,0.032
1990-08-17,0.033
1990-08-18,0.025
1990-08-19,0.023
1990-08-20,0.026
1990-08-21,0.029
1990-08-22,0.031
1990-08-23,0.021
1990-08-24,0.014
1990-08-25,0.014
1990-08-26,0.014
1990-08-27,0.014
1990-08-28,0.014
1990-08-29,0.014
1990-08-30,0.014
1990-08-31,0.014
1990-09-01,0.014
1990-09-02,0.016
1990-09-03,0.017
1990-09-04,0.019
1990-09-05,0.02
1990-09-06,0.022
1990-09-07,0.028
1990-09-08,0.021
1990-09-09,0.02
1990-09-10,0.019
1990-09-11,0.018
1990-09-12,0.016
1990-09-13,0.015
1990-09-14,0.015
1990-09-15,0.021
1990-09-16,0.023
1990-09-17,0.024
1990-09-18,0.026
1990-09-19,0.028
1990-09-20,0.03
1990-09-21,0.032
1990-09-22,0.032
1990-09-23,0.03
1990-09-24,0.028
1990-09-25,0.027
1990-09-26,0.025
1990-09-27,0.023
1990-09-28,0.022
1990-09-29,0.03
1990-09-30,0.037
1990-10-01,0.042
1990-10-02,0.046
1990-10-03,0.043
1990-10-04,0.04
1990-10-05,0.037
1990-10-06,0.034
1990-10-07,0.033
1990-10-08,0.033
1990-10-09,0.033
1990-10-10,0.033
1990-10-11,0.033
1990-10-12,0.033
1990-10-13,0.036
1990-10-14,0.033
1990-10-15,0.033
1990-10-16,0.034
1990-10-17,0.051
1990-10-18,0.048
1990-10-19,0.034
1990-10-20,0.033
1990-10-21,0.033
1990-10-22,0.033
1990-10-23,0.033
1990-10-24,0.033
1990-10-25,0.035
1990-10-26,0.107
1990-10-27,0.053
1990-10-28,0.162
1990-10-29,0.27
1990-10-30,0.184
1990-10-31,0.07
1990-11-01,0.048
1990-11-02,0.076
1990-11-03,0.075
1990-11-04,0.036
1990-11-05,0.033
1990-11-06,0.033
1990-11-07,0.033
1990-11-08,0.039
1990-11-09,0.053
1990-11-10,0.069
1990-11-11,0.062
1990-11-12,0.074
1990-11-13,0.091
1990-11-14,0.075
1990-11-15,0.065
1990-11-16,0.055
1990-11-17,0.046
1990-11-18,0.039
1990-11-19,0.033
1990-11-20,0.066
1990-11-21,0.063
1990-11-22,0.048
1990-11-23,0.047
1990-11-24,0.091
1990-11-25,0.052
1990-11-26,0.044
1990-11-27,0.041
1990-11-28,0.038
1990-11-29,0.035
1990-11-30,0.033
1990-12-01,0.033
1990-12-02,0.033
1990-12-03,0.033
1990-12-04,0.033
1990-12-05,0.033
1990-12-06,0.033
1990-12-07,0.033
1990-12-08,0.033
1990-12-09,0.038
1990-12-10,0.045
1990-12-11,0.047
1990-12-12,0.047
1990-12-13,0.047
1990-12-14,0.047
1990-12-15,0.047
1990-12-16,0.047
1990-12-17,0.047
1990-12-18,0.047
1990-12-19,0.047
1990-12-20,0.047
1990-12-21,0.047
1990-12-22,0.047
1990-12-23,0.047
1990-12-24,0.047
1990-12-25,0.091
1990-12-26,0.336
1990-12-27,0.36
1990-12-28,0.193
1990-12-29,0.6
1990-12-30,0.595
1990-12-31,0.324
1991-01-01,0.301
1991-01-02,1.084
1991-01-03,2.117
1991-01-04,1.835
1991-01-05,0.954
1991-01-06,0.804
1991-01-07,0.737
1991-01-08,0.672
1991-01-09,2.57
1991-01-10,3.691
1991-01-11,1.788
1991-01-12,1.184
1991-01-13,0.62
1991-01-14,0.428
1991-01-15,0.376
1991-01-16,0.354
1991-01-17,0.313
1991-01-18,0.297
1991-01-19,0.471
1991-01-20,0.356
1991-01-21,0.306
1991-01-22,0.261
1991-01-23,0.226
1991-01-24,0.199
1991-01-25,0.173
1991-01-26,0.151
1991-01-27,0.135
1991-01-28,0.124
1991-01-29,0.115
1991-01-30,0.106
1991-01-31,0.099
1991-02-01,0.092
1991-02-02,0.092
1991-02-03,0.101
1991-02-04,0.087
1991-02-05,0.092
1991-02-06,0.092
1991-02-07,0.116
1991-02-08,0.121
1991-02-09,0.096
1991-02-10,0.077
1991-02-11,0.073
1991-02-12,0.087
1991-02-13,0.087
1991-02-14,0.087
1991-02-15,0.262
1991-02-16,1.044
1991-02-17,1.033
1991-02-18,0.437
1991-02-19,0.348
1991-02-20,0.317
1991-02-21,0.289
1991-02-22,0.3
1991-02-23,0.257
1991-02-24,0.22
1991-02-25,0.196
1991-02-26,0.179
1991-02-27,0.168
1991-02-28,0.229
1991-03-01,0.196
1991-03-02,0.161
1991-03-03,0.141
1991-03-04,0.132
1991-03-05,0.183
1991-03-06,0.265
1991-03-07,0.531
1991-03-08,0.403
1991-03-09,0.23
1991-03-10,0.222
1991-03-11,0.209
1991-03-12,0.193
1991-03-13,0.191
1991-03-14,0.191
1991-03-15,0.191
1991-03-16,0.206
1991-03-17,0.315
1991-03-18,0.304
1991-03-19,0.473
1991-03-20,0.531
1991-03-21,1.043
1991-03-22,0.927
1991-03-23,0.503
1991-03-24,0.373
1991-03-25,0.307
1991-03-26,0.258
1991-03-27,0.255
1991-03-28,0.238
1991-03-29,0.221
1991-03-30,0.16
1991-03-31,0.143
1991-04-01,0.132
1991-04-02,0.132
1991-04-03,0.135
1991-04-04,0.225
1991-04-05,0.258
1991-04-06,0.166
1991-04-07,0.159
1991-04-08,0.157
1991-04-09,0.144
1991-04-10,0.144
1991-04-11,0.123
1991-04-12,0.108
1991-04-13,0.108
1991-04-14,0.108
1991-04-15,0.108
1991-04-16,0.108
1991-04-17,0.092
1991-04-18,0.087
1991-04-19,0.087
1991-04-20,0.08
1991-04-21,0.066
1991-04-22,0.065
1991-04-23,0.068
1991-04-24,0.063
1991-04-25,0.052
1991-04-26,0.057
1991-04-27,0.081
1991-04-28,0.088
1991-04-29,0.089
1991-04-30,0.14
1991-05-01,0.194
1991-05-02,0.147
1991-05-03,0.132
1991-05-04,0.164
1991-05-05,0.153
1991-05-06,0.141
1991-05-07,0.153
1991-05-08,0.154
1991-05-09,0.132
1991-05-10,0.125
1991-05-11,0.119
1991-05-12,0.117
1991-05-13,0.108
1991-05-14,0.107
1991-05-15,0.098
1991-05-16,0.088
1991-05-17,0.087
1991-05-18,0.087
1991-05-19,0.087
1991-05-20,0.087
1991-05-21,0.087
1991-05-22,0.08
1991-05-23,0.071
1991-05-24,0.062
1991-05-25,0.053
1991-05-26,0.047
1991-05-27,0.047
1991-05-28,0.052
1991-05-29,0.072
1991-05-30,0.063
1991-05-31,0.076
1991-06-01,0.063
1991-06-02,0.058
1991-06-03,0.053
1991-06-04,0.049
1991-06-05,0.047
1991-06-06,0.047
1991-06-07,0.047
1991-06-08,0.042
1991-06-09,0.033
1991-06-10,0.032
1991-06-11,0.028
1991-06-12,0.023
1991-06-13,0.021
1991-06-14,0.021
1991-06-15,0.02
1991-06-16,0.017
1991-06-17,0.014
1991-06-18,0.014
1991-06-19,0.014
1991-06-20,0.046
1991-06-21,0.031
1991-06-22,0.029
1991-06-23,0.021
1991-06-24,0.015
1991-06-25,0.014
1991-06-26,0.039
1991-06-27,0.038
1991-06-28,0.042
1991-06-29,0.035
1991-06-30,0.03
1991-07-01,0.024
1991-07-02,0.03
1991-07-03,0.029
1991-07-04,0.026
1991-07-05,0.024
1991-07-06,0.021
1991-07-07,0.026
1991-07-08,0.033
1991-07-09,0.033
1991-07-10,0.033
1991-07-11,0.028
1991-07-12,0.027
1991-07-13,0.033
1991-07-14,0.032
1991-07-15,0.028
1991-07-16,0.024
1991-07-17,0.021
1991-07-18,0.021
1991-07-19,0.021
1991-07-20,0.021
1991-07-21,0.021
1991-07-22,0.021
1991-07-23,0.021
1991-07-24,0.021
1991-07-25,0.021
1991-07-26,0.021
1991-07-27,0.021
1991-07-28,0.021
1991-07-29,0.021
1991-07-30,0.021
1991-07-31,0.017
1991-08-01,0.014
1991-08-02,0.014
1991-08-03,0.014
1991-08-04,0.012
1991-08-05,0.01
1991-08-06,0.012
1991-08-07,0.011
1991-08-08,0.014
1991-08-09,0.014
1991-08-10,0.014
1991-08-11,0.014
1991-08-12,0.014
1991-08-13,0.016
1991-08-14,0.014
1991-08-15,0.018
1991-08-16,0.015
1991-08-17,0.015
1991-08-18,0.02
1991-08-19,0.021
1991-08-20,0.02
1991-08-21,0.015
1991-08-22,0.02
1991-08-23,0.022
1991-08-24,0.021
1991-08-25,0.021
1991-08-26,0.012
1991-08-27,0.015
1991-08-28,0.016
1991-08-29,0.014
1991-08-30,0.014
1991-08-31,0.018
1991-09-01,0.048
1991-09-02,0.055
1991-09-03,0.032
1991-09-04,0.021
1991-09-05,0.021
1991-09-06,0.021
1991-09-07,0.026
1991-09-08,0.029
1991-09-09,0.021
1991-09-10,0.018
1991-09-11,0.015
1991-09-12,0.014
1991-09-13,0.014
1991-09-14,0.025
1991-09-15,0.036
1991-09-16,0.028
1991-09-17,0.025
1991-09-18,0.032
1991-09-19,0.021
1991-09-20,0.027
1991-09-21,0.029
1991-09-22,0.027
1991-09-23,0.035
1991-09-24,0.033
1991-09-25,0.052
1991-09-26,0.047
1991-09-27,0.038
1991-09-28,0.049
1991-09-29,0.034
1991-09-30,0.027
1991-10-01,0.024
1991-10-02,0.021
1991-10-03,0.021
1991-10-04,0.021
1991-10-05,0.022
1991-10-06,0.023
1991-10-07,0.021
1991-10-08,0.021
1991-10-09,0.02
1991-10-10,0.02
1991-10-11,0.014
1991-10-12,0.013
1991-10-13,0.017
1991-10-14,0.028
1991-10-15,0.021
1991-10-16,0.014
1991-10-17,0.024
1991-10-18,0.015
1991-10-19,0.019
1991-10-20,0.014
1991-10-21,0.014
1991-10-22,0.014
1991-10-23,0.014
1991-10-24,0.014
1991-10-25,0.011
1991-10-26,0.01
1991-10-27,0.019
1991-10-28,0.022
1991-10-29,0.021
1991-10-30,0.102
1991-10-31,0.039
1991-11-01,0.035
1991-11-02,0.066
1991-11-03,0.058
1991-11-04,0.069
1991-11-05,0.06
1991-11-06,0.065
1991-11-07,0.04
1991-11-08,0.033
1991-11-09,0.032
1991-11-10,0.021
1991-11-11,0.026
1991-11-12,0.129
1991-11-13,0.226
1991-11-14,0.079
1991-11-15,0.051
1991-11-16,0.036
1991-11-17,0.039
1991-11-18,0.033
1991-11-19,0.038
1991-11-20,0.043
1991-11-21,0.041
1991-11-22,0.036
1991-11-23,0.024
1991-11-24,0.028
1991-11-25,0.024
1991-11-26,0.029
1991-11-27,0.029
1991-11-28,0.033
1991-11-29,0.033
1991-11-30,0.033
1991-12-01,0.033
1991-12-02,0.033
1991-12-03,0.033
1991-12-04,0.036
1991-12-05,0.033
1991-12-06,0.033
1991-12-07,0.03
1991-12-08,0.023
1991-12-09,0.028
1991-12-10,0.023
1991-12-11,0.026
1991-12-12,0.029
1991-12-13,0.024
1991-12-14,0.023
1991-12-15,0.016
1991-12-16,0.016
1991-12-17,0.021
1991-12-18,0.031
1991-12-19,0.035
1991-12-20,0.115
1991-12-21,0.108
1991-12-22,0.086
1991-12-23,0.066
1991-12-24,0.054
1991-12-25,0.047
1991-12-26,0.047
1991-12-27,0.041
1991-12-28,0.034
1991-12-29,0.033
1991-12-30,0.033
1991-12-31,0.033
1992-01-01,0.033
1992-01-02,0.034
1992-01-03,0.04
1992-01-04,0.047
1992-01-05,0.047
1992-01-06,0.038
1992-01-07,0.043
1992-01-08,0.047
1992-01-09,0.09
1992-01-10,0.229
1992-01-11,0.147
1992-01-12,0.119
1992-01-13,0.097
1992-01-14,0.081
1992-01-15,0.065
1992-01-16,0.051
1992-01-17,0.047
1992-01-18,0.042
1992-01-19,0.033
1992-01-20,0.033
1992-01-21,0.033
1992-01-22,0.033
1992-01-23,0.033
1992-01-24,0.033
1992-01-25,0.033
1992-01-26,0.033
1992-01-27,0.033
1992-01-28,0.033
1992-01-29,0.033
1992-01-30,0.033
1992-01-31,0.033
1992-02-01,0.033
1992-02-02,0.033
1992-02-03,0.033
1992-02-04,0.027
1992-02-05,0.033
1992-02-06,0.032
1992-02-07,0.024
1992-02-08,0.025
1992-02-09,0.025
1992-02-10,0.034
1992-02-11,0.049
1992-02-12,0.086
1992-02-13,0.146
1992-02-14,0.102
1992-02-15,0.329
1992-02-16,0.198
1992-02-17,0.131
1992-02-18,0.093
1992-02-19,0.069
1992-02-20,0.056
1992-02-21,0.048
1992-02-22,0.05
1992-02-23,0.053
1992-02-24,0.056
1992-02-25,0.059
1992-02-26,0.063
1992-02-27,0.065
1992-02-28,0.056
1992-02-29,0.051
1992-03-01,0.05
1992-03-02,0.059
1992-03-03,0.049
1992-03-04,0.047
1992-03-05,0.047
1992-03-06,0.047
1992-03-07,0.047
1992-03-08,0.047
1992-03-09,0.047
1992-03-10,0.047
1992-03-11,0.047
1992-03-12,0.047
1992-03-13,0.047
1992-03-14,0.045
1992-03-15,0.047
1992-03-16,0.044
1992-03-17,0.039
1992-03-18,0.047
1992-03-19,0.046
1992-03-20,0.039
1992-03-21,0.033
1992-03-22,0.033
1992-03-23,0.033
1992-03-24,0.033
1992-03-25,0.033
1992-03-26,0.079
1992-03-27,0.09
1992-03-28,0.066
1992-03-29,0.069
1992-03-30,0.323
1992-03-31,0.374
1992-04-01,0.161
1992-04-02,0.144
1992-04-03,0.101
1992-04-04,0.078
1992-04-05,0.064
1992-04-06,0.056
1992-04-07,0.103
1992-04-08,0.11
1992-04-09,0.103
1992-04-10,0.066
1992-04-11,0.047
1992-04-12,0.047
1992-04-13,0.047
1992-04-14,0.047
1992-04-15,0.102
1992-04-16,0.093
1992-04-17,0.072
1992-04-18,0.067
1992-04-19,0.066
1992-04-20,0.057
1992-04-21,0.046
1992-04-22,0.04
1992-04-23,0.047
1992-04-24,0.047
1992-04-25,0.042
1992-04-26,0.04
1992-04-27,0.075
1992-04-28,0.075
1992-04-29,0.067
1992-04-30,0.059
1992-05-01,0.06
1992-05-02,0.057
1992-05-03,0.05
1992-05-04,0.038
1992-05-05,0.03
1992-05-06,0.029
1992-05-07,0.026
1992-05-08,0.027
1992-05-09,0.022
1992-05-10,0.027
1992-05-11,0.038
1992-05-12,0.027
1992-05-13,0.021
1992-05-14,0.021
1992-05-15,0.021
1992-05-16,0.021
1992-05-17,0.021
1992-05-18,0.021
1992-05-19,0.019
1992-05-20,0.014
1992-05-21,0.014
1992-05-22,0.014
1992-05-23,0.014
1992-05-24,0.017
1992-05-25,0.033
1992-05-26,0.033
1992-05-27,0.03
1992-05-28,0.045
1992-05-29,0.066
1992-05-30,0.056
1992-05-31,0.081
1992-06-01,0.066
1992-06-02,0.059
1992-06-03,0.047
1992-06-04,0.044
1992-06-05,0.035
1992-06-06,0.033
1992-06-07,0.033
1992-06-08,0.033
1992-06-09,0.033
1992-06-10,0.033
1992-06-11,0.032
1992-06-12,0.03
1992-06-13,0.029
1992-06-14,0.027
1992-06-15,0.026
1992-06-16,0.025
1992-06-17,0.023
1992-06-18,0.022
1992-06-19,0.021
1992-06-20,0.035
1992-06-21,0.105
1992-06-22,0.047
1992-06-23,0.037
1992-06-24,0.031
1992-06-25,0.027
1992-06-26,0.023
1992-06-27,0.021
1992-06-28,0.023
1992-06-29,0.029
1992-06-30,0.022
1992-07-01,0.04
1992-07-02,0.026
1992-07-03,0.021
1992-07-04,0.03
1992-07-05,0.033
1992-07-06,0.021
1992-07-07,0.021
1992-07-08,0.021
1992-07-09,0.017
1992-07-10,0.017
1992-07-11,0.023
1992-07-12,0.033
1992-07-13,0.033
1992-07-14,0.033
1992-07-15,0.033
1992-07-16,0.033
1992-07-17,0.033
1992-07-18,0.033
1992-07-19,0.033
1992-07-20,0.034
1992-07-21,0.046
1992-07-22,0.042
1992-07-23,0.039
1992-07-24,0.036
1992-07-25,0.033
1992-07-26,0.031
1992-07-27,0.029
1992-07-28,0.027
1992-07-29,0.026
1992-07-30,0.024
1992-07-31,0.022
1992-08-01,0.021
1992-08-02,0.021
1992-08-03,0.021
1992-08-04,0.021
1992-08-05,0.021
1992-08-06,0.021
1992-08-07,0.021
1992-08-08,0.021
1992-08-09,0.06
1992-08-10,0.158
1992-08-11,0.037
1992-08-12,0.021
1992-08-13,0.021
1992-08-14,0.021
1992-08-15,0.017
1992-08-16,0.016
1992-08-17,0.017
1992-08-18,0.018
1992-08-19,0.02
1992-08-20,0.064
1992-08-21,0.052
1992-08-22,0.047
1992-08-23,0.047
1992-08-24,0.047
1992-08-25,0.047
1992-08-26,0.047
1992-08-27,0.047
1992-08-28,0.06
1992-08-29,0.098
1992-08-30,0.252
1992-08-31,0.151
1992-09-01,0.122
1992-09-02,0.161
1992-09-03,0.138
1992-09-04,0.098
1992-09-05,0.073
1992-09-06,0.06
1992-09-07,0.052
1992-09-08,0.047
1992-09-09,0.047
1992-09-10,0.047
1992-09-11,0.049
1992-09-12,0.049
1992-09-13,0.044
1992-09-14,0.041
1992-09-15,0.039
1992-09-16,0.036
1992-09-17,0.034
1992-09-18,0.031
1992-09-19,0.029
1992-09-20,0.027
1992-09-21,0.025
1992-09-22,0.023
1992-09-23,0.023
1992-09-24,0.026
1992-09-25,0.039
1992-09-26,0.028
1992-09-27,0.047
1992-09-28,0.058
1992-09-29,0.047
1992-09-30,0.047
1992-10-01,0.047
1992-10-02,0.078
1992-10-03,0.087
1992-10-04,0.106
1992-10-05,0.065
1992-10-06,0.047
1992-10-07,0.047
1992-10-08,0.047
1992-10-09,0.047
1992-10-10,0.039
1992-10-11,0.033
1992-10-12,0.033
1992-10-13,0.033
1992-10-14,0.033
1992-10-15,0.033
1992-10-16,0.033
1992-10-17,0.033
1992-10-18,0.036
1992-10-19,0.043
1992-10-20,0.047
1992-10-21,0.047
1992-10-22,0.047
1992-10-23,0.047
1992-10-24,0.047
1992-10-25,0.06
1992-10-26,0.07
1992-10-27,0.089
1992-10-28,0.191
1992-10-29,0.107
1992-10-30,0.085
1992-10-31,0.07
1992-11-01,0.066
1992-11-02,0.072
1992-11-03,0.128
1992-11-04,0.183
1992-11-05,0.12
1992-11-06,0.098
1992-11-07,0.101
1992-11-08,0.078
1992-11-09,0.071
1992-11-10,0.079
1992-11-11,0.146
1992-11-12,0.132
1992-11-13,0.161
1992-11-14,0.151
1992-11-15,0.159
1992-11-16,0.135
1992-11-17,0.956
1992-11-18,1.618
1992-11-19,1.074
1992-11-20,0.578
1992-11-21,2.865
1992-11-22,0.832
1992-11-23,0.39
1992-11-24,0.34
1992-11-25,0.349
1992-11-26,0.841
1992-11-27,0.373
1992-11-28,0.351
1992-11-29,0.324
1992-11-30,0.292
1992-12-01,0.258
1992-12-02,0.651
1992-12-03,1.084
1992-12-04,2.856
1992-12-05,1.0
1992-12-06,0.768
1992-12-07,1.511
1992-12-08,1.293
1992-12-09,0.693
1992-12-10,0.463
1992-12-11,0.364
1992-12-12,0.317
1992-12-13,0.3
1992-12-14,0.297
1992-12-15,0.297
1992-12-16,0.285
1992-12-17,0.263
1992-12-18,0.393
1992-12-19,0.534
1992-12-20,0.364
1992-12-21,0.296
1992-12-22,0.264
1992-12-23,0.242
1992-12-24,0.223
1992-12-25,0.221
1992-12-26,0.166
1992-12-27,0.159
1992-12-28,0.151
1992-12-29,0.132
1992-12-30,0.132
1992-12-31,0.129
1993-01-01,0.118
1993-01-02,0.099
1993-01-03,0.097
1993-01-04,0.096
1993-01-05,0.106
1993-01-06,0.118
1993-01-07,0.132
1993-01-08,0.132
1993-01-09,0.143
1993-01-10,0.715
1993-01-11,5.021
1993-01-12,4.904
1993-01-13,1.849
1993-01-14,1.031
1993-01-15,0.659
1993-01-16,0.487
1993-01-17,0.444
1993-01-18,0.502
1993-01-19,0.393
1993-01-20,0.364
1993-01-21,0.319
1993-01-22,0.269
1993-01-23,0.333
1993-01-24,0.318
1993-01-25,0.259
1993-01-26,0.218
1993-01-27,0.19
1993-01-28,0.174
1993-01-29,0.161
1993-01-30,0.159
1993-01-31,0.144
1993-02-01,0.13
1993-02-02,0.12
1993-02-03,0.124
1993-02-04,0.117
1993-02-05,0.101
1993-02-06,0.087
1993-02-07,0.087
1993-02-08,0.087
1993-02-09,0.09
1993-02-10,0.103
1993-02-11,0.108
1993-02-12,0.107
1993-02-13,0.094
1993-02-14,0.105
1993-02-15,0.098
1993-02-16,0.091
1993-02-17,0.086
1993-02-18,0.082
1993-02-19,0.079
1993-02-20,0.076
1993-02-21,0.072
1993-02-22,0.069
1993-02-23,0.066
1993-02-24,0.06
1993-02-25,0.069
1993-02-26,0.077
1993-02-27,0.049
1993-02-28,0.021
1993-03-01,0.021
1993-03-02,0.021
1993-03-03,0.021
1993-03-04,0.018
1993-03-05,0.021
1993-03-06,0.024
1993-03-07,0.021
1993-03-08,0.021
1993-03-09,0.021
1993-03-10,0.027
1993-03-11,0.029
1993-03-12,0.024
1993-03-13,0.033
1993-03-14,0.033
1993-03-15,0.033
1993-03-16,0.036
1993-03-17,0.05
1993-03-18,0.055
1993-03-19,0.061
1993-03-20,0.066
1993-03-21,0.066
1993-03-22,0.066
1993-03-23,0.066
1993-03-24,0.066
1993-03-25,0.066
1993-03-26,0.066
1993-03-27,0.063
1993-03-28,0.047
1993-03-29,0.03
1993-03-30,0.033
1993-03-31,0.033
1993-04-01,0.038
1993-04-02,0.033
1993-04-03,0.039
1993-04-04,0.082
1993-04-05,0.26
1993-04-06,0.158
1993-04-07,0.109
1993-04-08,0.093
1993-04-09,0.087
1993-04-10,0.115
1993-04-11,0.159
1993-04-12,0.133
1993-04-13,0.112
1993-04-14,0.108
1993-04-15,0.102
1993-04-16,0.096
1993-04-17,0.089
1993-04-18,0.071
1993-04-19,0.084
1993-04-20,0.087
1993-04-21,0.087
1993-04-22,0.082
1993-04-23,0.07
1993-04-24,0.094
1993-04-25,0.109
1993-04-26,0.087
1993-04-27,0.076
1993-04-28,0.078
1993-04-29,0.072
1993-04-30,0.07
1993-05-01,0.067
1993-05-02,0.066
1993-05-03,0.076
1993-05-04,0.075
1993-05-05,0.066
1993-05-06,0.066
1993-05-07,0.066
1993-05-08,0.066
1993-05-09,0.066
1993-05-10,0.066
1993-05-11,0.072
1993-05-12,0.074
1993-05-13,0.066
1993-05-14,0.067
1993-05-15,0.098
1993-05-16,0.087
1993-05-17,0.087
1993-05-18,0.083
1993-05-19,0.074
1993-05-20,0.081
1993-05-21,0.093
1993-05-22,0.068
1993-05-23,0.081
1993-05-24,0.087
1993-05-25,0.087
1993-05-26,0.162
1993-05-27,0.169
1993-05-28,0.141
1993-05-29,0.092
1993-05-30,0.087
1993-05-31,0.087
1993-06-01,0.085
1993-06-02,0.075
1993-06-03,0.082
1993-06-04,0.073
1993-06-05,0.067
1993-06-06,0.066
1993-06-07,0.066
1993-06-08,0.066
1993-06-09,0.314
1993-06-10,0.638
1993-06-11,2.774
1993-06-12,1.229
1993-06-13,1.252
1993-06-14,1.612
1993-06-15,0.842
1993-06-16,0.377
1993-06-17,0.25
1993-06-18,0.208
1993-06-19,0.161
1993-06-20,0.134
1993-06-21,0.126
1993-06-22,0.102
1993-06-23,0.098
1993-06-24,0.094
1993-06-25,0.079
1993-06-26,0.079
1993-06-27,0.071
1993-06-28,0.066
1993-06-29,0.066
1993-06-30,0.074
1993-07-01,0.345
1993-07-02,0.497
1993-07-03,0.146
1993-07-04,0.12
1993-07-05,0.109
1993-07-06,0.085
1993-07-07,0.075
1993-07-08,0.07
1993-07-09,0.065
1993-07-10,0.05
1993-07-11,0.051
1993-07-12,0.045
1993-07-13,0.04
1993-07-14,0.049
1993-07-15,0.05
1993-07-16,0.05
1993-07-17,0.05
1993-07-18,0.037
1993-07-19,0.036
1993-07-20,0.038
1993-07-21,0.036
1993-07-22,0.032
1993-07-23,0.025
1993-07-24,0.023
1993-07-25,0.024
1993-07-26,0.023
1993-07-27,0.023
1993-07-28,0.024
1993-07-29,0.018
1993-07-30,0.021
1993-07-31,0.024
1993-08-01,0.023
1993-08-02,0.023
1993-08-03,0.021
1993-08-04,0.021
1993-08-05,0.021
1993-08-06,0.021
1993-08-07,0.021
1993-08-08,0.021
1993-08-09,0.024
1993-08-10,0.033
1993-08-11,0.033
1993-08-12,0.033
1993-08-13,0.033
1993-08-14,0.029
1993-08-15,0.021
1993-08-16,0.021
1993-08-17,0.021
1993-08-18,0.021
1993-08-19,0.021
1993-08-20,0.025
1993-08-21,0.021
1993-08-22,0.021
1993-08-23,0.021
1993-08-24,0.021
1993-08-25,0.021
1993-08-26,0.021
1993-08-27,0.023
1993-08-28,0.022
1993-08-29,0.021
1993-08-30,0.029
1993-08-31,0.025
1993-09-01,0.028
1993-09-02,0.033
1993-09-03,0.025
1993-09-04,0.021
1993-09-05,0.021
1993-09-06,0.021
1993-09-07,0.021
1993-09-08,0.044
1993-09-09,0.022
1993-09-10,0.021
1993-09-11,0.047
1993-09-12,0.031
1993-09-13,0.184
1993-09-14,0.554
1993-09-15,0.285
1993-09-16,0.129
1993-09-17,0.081
1993-09-18,0.03
1993-09-19,0.02
1993-09-20,0.028
1993-09-21,0.036
1993-09-22,0.032
1993-09-23,0.018
1993-09-24,0.015
1993-09-25,0.035
1993-09-26,0.066
1993-09-27,0.06
1993-09-28,0.051
1993-09-29,0.047
1993-09-30,0.122
1993-10-01,0.516
1993-10-02,0.545
1993-10-03,0.495
1993-10-04,0.317
1993-10-05,0.22
1993-10-06,0.399
1993-10-07,0.421
1993-10-08,0.347
1993-10-09,0.313
1993-10-10,0.283
1993-10-11,0.261
1993-10-12,2.006
1993-10-13,0.97
1993-10-14,3.288
1993-10-15,1.701
1993-10-16,0.666
1993-10-17,0.423
1993-10-18,0.284
1993-10-19,0.231
1993-10-20,0.203
1993-10-21,0.184
1993-10-22,0.158
1993-10-23,0.134
1993-10-24,0.132
1993-10-25,0.132
1993-10-26,0.132
1993-10-27,0.134
1993-10-28,0.159
1993-10-29,0.141
1993-10-30,0.126
1993-10-31,0.109
1993-11-01,0.099
1993-11-02,0.1
1993-11-03,0.087
1993-11-04,0.081
1993-11-05,0.115
1993-11-06,0.109
1993-11-07,0.112
1993-11-08,0.101
1993-11-09,0.086
1993-11-10,0.282
1993-11-11,0.249
1993-11-12,0.145
1993-11-13,0.113
1993-11-14,0.147
1993-11-15,0.144
1993-11-16,0.179
1993-11-17,0.252
1993-11-18,0.172
1993-11-19,0.064
1993-11-20,0.078
1993-11-21,0.082
1993-11-22,0.067
1993-11-23,0.066
1993-11-24,0.066
1993-11-25,0.066
1993-11-26,0.059
1993-11-27,0.054
1993-11-28,0.054
1993-11-29,0.039
1993-11-30,0.067
1993-12-01,0.096
1993-12-02,0.086
1993-12-03,0.074
1993-12-04,0.083
1993-12-05,0.087
1993-12-06,0.072
1993-12-07,0.134
1993-12-08,0.142
1993-12-09,0.147
1993-12-10,0.373
1993-12-11,0.478
1993-12-12,0.341
1993-12-13,0.447
1993-12-14,0.317
1993-12-15,0.345
1993-12-16,0.32
1993-12-17,0.225
1993-12-18,0.22
1993-12-19,1.05
1993-12-20,0.748
1993-12-21,1.216
1993-12-22,0.604
1993-12-23,0.563
1993-12-24,0.916
1993-12-25,2.472
1993-12-26,0.951
1993-12-27,0.509
1993-12-28,0.755
1993-12-29,0.781
1993-12-30,0.778
1993-12-31,1.846
1994-01-01,1.065
1994-01-02,3.068
1994-01-03,2.624
1994-01-04,1.361
1994-01-05,2.933
1994-01-06,3.344
1994-01-07,1.332
1994-01-08,0.801
1994-01-09,1.034
1994-01-10,2.222
1994-01-11,1.276
1994-01-12,2.528
1994-01-13,1.61
1994-01-14,0.876
1994-01-15,1.414
1994-01-16,1.605
1994-01-17,0.663
1994-01-18,0.434
1994-01-19,0.98
1994-01-20,0.83
1994-01-21,0.516
1994-01-22,0.432
1994-01-23,0.404
1994-01-24,0.927
1994-01-25,0.887
1994-01-26,0.606
1994-01-27,0.422
1994-01-28,0.42
1994-01-29,0.359
1994-01-30,0.337
1994-01-31,0.337
1994-02-01,0.318
1994-02-02,1.882
1994-02-03,3.492
1994-02-04,1.278
1994-02-05,0.702
1994-02-06,0.449
1994-02-07,0.732
1994-02-08,0.495
1994-02-09,0.869
1994-02-10,0.852
1994-02-11,3.994
1994-02-12,2.431
1994-02-13,1.162
1994-02-14,0.814
1994-02-15,0.611
1994-02-16,0.518
1994-02-17,0.462
1994-02-18,0.833
1994-02-19,0.699
1994-02-20,1.631
1994-02-21,1.311
1994-02-22,1.261
1994-02-23,0.981
1994-02-24,1.109
1994-02-25,0.622
1994-02-26,0.493
1994-02-27,0.522
1994-02-28,0.561
1994-03-01,0.443
1994-03-02,1.266
1994-03-03,0.752
1994-03-04,0.493
1994-03-05,0.38
1994-03-06,0.337
1994-03-07,0.296
1994-03-08,0.258
1994-03-09,0.258
1994-03-10,0.21
1994-03-11,0.2
1994-03-12,0.207
1994-03-13,0.235
1994-03-14,0.203
1994-03-15,0.191
1994-03-16,0.176
1994-03-17,0.158
1994-03-18,0.141
1994-03-19,0.159
1994-03-20,0.207
1994-03-21,0.482
1994-03-22,0.282
1994-03-23,0.199
1994-03-24,0.187
1994-03-25,0.172
1994-03-26,0.16
1994-03-27,0.153
1994-03-28,0.134
1994-03-29,0.12
1994-03-30,0.11
1994-03-31,0.331
1994-04-01,0.473
1994-04-02,0.348
1994-04-03,0.437
1994-04-04,1.293
1994-04-05,0.481
1994-04-06,0.394
1994-04-07,0.845
1994-04-08,0.683
1994-04-09,2.065
1994-04-10,1.502
1994-04-11,0.768
1994-04-12,0.478
1994-04-13,0.335
1994-04-14,0.311
1994-04-15,0.288
1994-04-16,0.333
1994-04-17,0.287
1994-04-18,0.219
1994-04-19,0.181
1994-04-20,0.167
1994-04-21,0.153
1994-04-22,0.141
1994-04-23,0.132
1994-04-24,0.127
1994-04-25,0.114
1994-04-26,0.119
1994-04-27,0.125
1994-04-28,0.109
1994-04-29,0.101
1994-04-30,0.094
1994-05-01,0.084
1994-05-02,0.068
1994-05-03,0.066
1994-05-04,0.066
1994-05-05,0.066
1994-05-06,0.066
1994-05-07,0.221
1994-05-08,0.262
1994-05-09,0.132
1994-05-10,0.124
1994-05-11,0.099
1994-05-12,0.164
1994-05-13,0.091
1994-05-14,0.079
1994-05-15,0.072
1994-05-16,0.235
1994-05-17,0.229
1994-05-18,0.135
1994-05-19,0.132
1994-05-20,0.179
1994-05-21,0.487
1994-05-22,0.283
1994-05-23,0.209
1994-05-24,0.879
1994-05-25,0.442
1994-05-26,0.388
1994-05-27,0.377
1994-05-28,0.257
1994-05-29,0.223
1994-05-30,0.192
1994-05-31,0.144
1994-06-01,0.132
1994-06-02,0.213
1994-06-03,0.205
1994-06-04,0.475
1994-06-05,0.365
1994-06-06,0.179
1994-06-07,0.15
1994-06-08,0.109
1994-06-09,0.107
1994-06-10,0.078
1994-06-11,0.07
1994-06-12,0.066
1994-06-13,0.066
1994-06-14,0.066
1994-06-15,0.064
1994-06-16,0.049
1994-06-17,0.047
1994-06-18,0.045
1994-06-19,0.042
1994-06-20,0.04
1994-06-21,0.043
1994-06-22,0.047
1994-06-23,0.047
1994-06-24,0.047
1994-06-25,0.085
1994-06-26,0.056
1994-06-27,0.047
1994-06-28,0.039
1994-06-29,0.042
1994-06-30,0.034
1994-07-01,0.033
1994-07-02,0.033
1994-07-03,0.029
1994-07-04,0.027
1994-07-05,0.025
1994-07-06,0.028
1994-07-07,0.033
1994-07-08,0.04
1994-07-09,0.032
1994-07-10,0.022
1994-07-11,0.027
1994-07-12,0.038
1994-07-13,0.033
1994-07-14,0.033
1994-07-15,0.033
1994-07-16,0.024
1994-07-17,0.027
1994-07-18,0.052
1994-07-19,0.031
1994-07-20,0.028
1994-07-21,0.025
1994-07-22,0.022
1994-07-23,0.025
1994-07-24,0.03
1994-07-25,0.024
1994-07-26,0.019
1994-07-27,0.016
1994-07-28,0.13
1994-07-29,0.047
1994-07-30,0.029
1994-07-31,0.027
1994-08-01,0.02
1994-08-02,0.016
1994-08-03,0.012
1994-08-04,0.054
1994-08-05,0.054
1994-08-06,0.034
1994-08-07,0.033
1994-08-08,0.033
1994-08-09,0.234
1994-08-10,0.137
1994-08-11,0.067
1994-08-12,0.055
1994-08-13,0.048
1994-08-14,0.049
1994-08-15,0.05
1994-08-16,0.052
1994-08-17,0.053
1994-08-18,0.054
1994-08-19,0.056
1994-08-20,0.058
1994-08-21,0.059
1994-08-22,0.061
1994-08-23,0.063
1994-08-24,0.065
1994-08-25,0.084
1994-08-26,0.075
1994-08-27,0.062
1994-08-28,0.066
1994-08-29,0.066
1994-08-30,0.066
1994-08-31,0.087
1994-09-01,0.094
1994-09-02,0.073
1994-09-03,0.062
1994-09-04,0.056
1994-09-05,0.052
1994-09-06,0.1
1994-09-07,0.757
1994-09-08,0.209
1994-09-09,0.143
1994-09-10,0.346
1994-09-11,0.177
1994-09-12,0.144
1994-09-13,0.184
1994-09-14,0.434
1994-09-15,0.268
1994-09-16,0.188
1994-09-17,0.167
1994-09-18,0.151
1994-09-19,0.152
1994-09-20,0.293
1994-09-21,0.306
1994-09-22,0.196
1994-09-23,0.247
1994-09-24,1.277
1994-09-25,0.604
1994-09-26,0.454
1994-09-27,0.361
1994-09-28,0.272
1994-09-29,0.201
1994-09-30,0.184
1994-10-01,0.177
1994-10-02,0.17
1994-10-03,0.162
1994-10-04,0.156
1994-10-05,0.149
1994-10-06,0.143
1994-10-07,0.137
1994-10-08,0.131
1994-10-09,0.127
1994-10-10,0.123
1994-10-11,0.119
1994-10-12,0.115
1994-10-13,0.111
1994-10-14,0.107
1994-10-15,0.102
1994-10-16,0.098
1994-10-17,0.094
1994-10-18,0.09
1994-10-19,0.154
1994-10-20,0.113
1994-10-21,0.108
1994-10-22,0.124
1994-10-23,0.112
1994-10-24,0.117
1994-10-25,0.125
1994-10-26,0.125
1994-10-27,0.132
1994-10-28,0.138
1994-10-29,0.269
1994-10-30,0.307
1994-10-31,0.581
1994-11-01,0.391
1994-11-02,0.274
1994-11-03,0.283
1994-11-04,1.131
1994-11-05,2.016
1994-11-06,1.483
1994-11-07,0.761
1994-11-08,0.56
1994-11-09,1.45
1994-11-10,1.503
1994-11-11,1.042
1994-11-12,1.258
1994-11-13,1.239
1994-11-14,0.77
1994-11-15,1.655
1994-11-16,0.86
1994-11-17,0.611
1994-11-18,1.397
1994-11-19,1.239
1994-11-20,1.105
1994-11-21,0.871
1994-11-22,0.848
1994-11-23,0.768
1994-11-24,0.712
1994-11-25,0.559
1994-11-26,0.51
1994-11-27,0.509
1994-11-28,0.463
1994-11-29,0.421
1994-11-30,0.459
1994-12-01,0.462
1994-12-02,0.422
1994-12-03,0.795
1994-12-04,0.949
1994-12-05,1.066
1994-12-06,1.183
1994-12-07,1.707
1994-12-08,1.586
1994-12-09,3.162
1994-12-10,2.096
1994-12-11,1.501
1994-12-12,1.384
1994-12-13,1.226
1994-12-14,1.149
1994-12-15,1.093
1994-12-16,1.037
1994-12-17,0.996
1994-12-18,1.044
1994-12-19,1.101
1994-12-20,1.032
1994-12-21,0.439
1994-12-22,0.267
1994-12-23,0.224
1994-12-24,0.211
1994-12-25,0.201
1994-12-26,0.228
1994-12-27,1.334
1994-12-28,2.321
1994-12-29,3.271
1994-12-30,1.542
1994-12-31,0.929
1995-01-01,0.643
1995-01-02,0.457
1995-01-03,0.35
1995-01-04,0.312
1995-01-05,0.263
1995-01-06,0.323
1995-01-07,0.344
1995-01-08,0.318
1995-01-09,0.417
1995-01-10,0.348
1995-01-11,0.355
1995-01-12,0.306
1995-01-13,0.234
1995-01-14,0.222
1995-01-15,0.213
1995-01-16,0.204
1995-01-17,0.196
1995-01-18,0.795
1995-01-19,1.968
1995-01-20,4.33
1995-01-21,2.837
1995-01-22,5.226
1995-01-23,2.999
1995-01-24,1.508
1995-01-25,4.988
1995-01-26,5.002
1995-01-27,3.531
1995-01-28,4.376
1995-01-29,2.025
1995-01-30,1.268
1995-01-31,0.849
1995-02-01,0.775
1995-02-02,2.298
1995-02-03,0.879
1995-02-04,0.808
1995-02-05,0.719
1995-02-06,0.555
1995-02-07,0.482
1995-02-08,0.501
1995-02-09,0.704
1995-02-10,0.887
1995-02-11,1.522
1995-02-12,1.656
1995-02-13,1.027
1995-02-14,1.015
1995-02-15,2.406
1995-02-16,1.142
1995-02-17,2.182
1995-02-18,1.092
1995-02-19,0.917
1995-02-20,1.903
1995-02-21,1.188
1995-02-22,0.844
1995-02-23,1.554
1995-02-24,2.09
1995-02-25,1.803
1995-02-26,1.279
1995-02-27,0.848
1995-02-28,0.662
1995-03-01,0.598
1995-03-02,0.753
1995-03-03,1.117
1995-03-04,0.662
1995-03-05,0.786
1995-03-06,1.034
1995-03-07,1.488
1995-03-08,3.249
1995-03-09,1.365
1995-03-10,0.874
1995-03-11,0.573
1995-03-12,0.366
1995-03-13,0.3
1995-03-14,0.301
1995-03-15,0.332
1995-03-16,0.337
1995-03-17,0.35
1995-03-18,0.538
1995-03-19,1.882
1995-03-20,0.926
1995-03-21,0.576
1995-03-22,0.447
1995-03-23,0.39
1995-03-24,0.379
1995-03-25,0.331
1995-03-26,0.297
1995-03-27,0.297
1995-03-28,0.539
1995-03-29,0.88
1995-03-30,0.43
1995-03-31,0.321
1995-04-01,0.298
1995-04-02,0.297
1995-04-03,0.281
1995-04-04,0.247
1995-04-05,0.224
1995-04-06,0.22
1995-04-07,0.204
1995-04-08,0.192
1995-04-09,0.186
1995-04-10,0.156
1995-04-11,0.13
1995-04-12,0.117
1995-04-13,0.107
1995-04-14,0.097
1995-04-15,0.088
1995-04-16,0.087
1995-04-17,0.087
1995-04-18,0.129
1995-04-19,0.147
1995-04-20,0.108
1995-04-21,0.094
1995-04-22,0.158
1995-04-23,0.118
1995-04-24,0.123
1995-04-25,0.155
1995-04-26,0.166
1995-04-27,0.128
1995-04-28,0.114
1995-04-29,0.159
1995-04-30,0.142
1995-05-01,0.112
1995-05-02,0.093
1995-05-03,0.087
1995-05-04,0.098
1995-05-05,0.089
1995-05-06,0.087
1995-05-07,0.087
1995-05-08,0.078
1995-05-09,0.069
1995-05-10,0.075
1995-05-11,0.083
1995-05-12,0.138
1995-05-13,0.107
1995-05-14,0.069
1995-05-15,0.066
1995-05-16,0.148
1995-05-17,0.2
1995-05-18,0.195
1995-05-19,0.133
1995-05-20,0.095
1995-05-21,0.087
1995-05-22,0.079
1995-05-23,0.057
1995-05-24,0.059
1995-05-25,0.062
1995-05-26,0.053
1995-05-27,0.048
1995-05-28,0.051
1995-05-29,0.054
1995-05-30,0.057
1995-05-31,0.06
1995-06-01,0.064
1995-06-02,0.29
1995-06-03,0.114
1995-06-04,0.15
1995-06-05,0.083
1995-06-06,0.067
1995-06-07,0.06
1995-06-08,0.055
1995-06-09,0.051
1995-06-10,0.047
1995-06-11,0.047
1995-06-12,0.047
1995-06-13,0.047
1995-06-14,0.047
1995-06-15,0.047
1995-06-16,0.047
1995-06-17,0.05
1995-06-18,0.057
1995-06-19,0.047
1995-06-20,0.047
1995-06-21,0.039
1995-06-22,0.026
1995-06-23,0.018
1995-06-24,0.034
1995-06-25,0.04
1995-06-26,0.035
1995-06-27,0.02
1995-06-28,0.027
1995-06-29,0.025
1995-06-30,0.065
1995-07-01,0.066
1995-07-02,0.064
1995-07-03,0.178
1995-07-04,0.092
1995-07-05,0.077
1995-07-06,0.067
1995-07-07,0.058
1995-07-08,0.051
1995-07-09,0.072
1995-07-10,0.062
1995-07-11,0.055
1995-07-12,0.067
1995-07-13,0.079
1995-07-14,0.088
1995-07-15,0.174
1995-07-16,0.097
1995-07-17,0.074
1995-07-18,0.066
1995-07-19,0.066
1995-07-20,0.066
1995-07-21,0.066
1995-07-22,0.065
1995-07-23,0.056
1995-07-24,0.047
1995-07-25,0.04
1995-07-26,0.035
1995-07-27,0.045
1995-07-28,0.063
1995-07-29,0.064
1995-07-30,0.061
1995-07-31,0.058
1995-08-01,0.055
1995-08-02,0.053
1995-08-03,0.05
1995-08-04,0.051
1995-08-05,0.065
1995-08-06,0.106
1995-08-07,0.066
1995-08-08,0.066
1995-08-09,0.066
1995-08-10,0.066
1995-08-11,0.066
1995-08-12,0.066
1995-08-13,0.066
1995-08-14,0.066
1995-08-15,0.065
1995-08-16,0.06
1995-08-17,0.055
1995-08-18,0.051
1995-08-19,0.039
1995-08-20,0.042
1995-08-21,0.054
1995-08-22,0.064
1995-08-23,0.058
1995-08-24,0.051
1995-08-25,0.047
1995-08-26,0.047
1995-08-27,0.047
1995-08-28,0.047
1995-08-29,0.057
1995-08-30,0.042
1995-08-31,0.033
1995-09-01,0.033
1995-09-02,0.033
1995-09-03,0.033
1995-09-04,0.033
1995-09-05,0.035
1995-09-06,0.068
1995-09-07,0.055
1995-09-08,0.083
1995-09-09,0.041
1995-09-10,0.052
1995-09-11,0.045
1995-09-12,0.035
1995-09-13,0.033
1995-09-14,0.043
1995-09-15,0.061
1995-09-16,0.065
1995-09-17,0.046
1995-09-18,0.058
1995-09-19,0.045
1995-09-20,0.035
1995-09-21,0.03
1995-09-22,0.027
1995-09-23,0.024
1995-09-24,0.025
1995-09-25,0.041
1995-09-26,0.033
1995-09-27,0.037
1995-09-28,0.052
1995-09-29,0.033
1995-09-30,0.033
1995-10-01,0.051
1995-10-02,0.072
1995-10-03,0.078
1995-10-04,0.127
1995-10-05,0.106
1995-10-06,0.059
1995-10-07,0.047
1995-10-08,0.045
1995-10-09,0.04
1995-10-10,0.036
1995-10-11,0.031
1995-10-12,0.028
1995-10-13,0.024
1995-10-14,0.029
1995-10-15,0.039
1995-10-16,0.045
1995-10-17,0.047
1995-10-18,0.047
1995-10-19,0.047
1995-10-20,0.047
1995-10-21,0.047
1995-10-22,0.047
1995-10-23,0.047
1995-10-24,0.047
1995-10-25,0.047
1995-10-26,0.047
1995-10-27,0.047
1995-10-28,0.047
1995-10-29,0.04
1995-10-30,0.045
1995-10-31,0.041
1995-11-01,0.037
1995-11-02,0.033
1995-11-03,0.033
1995-11-04,0.033
1995-11-05,0.033
1995-11-06,0.033
1995-11-07,0.033
1995-11-08,0.033
1995-11-09,0.033
1995-11-10,0.033
1995-11-11,0.053
1995-11-12,0.085
1995-11-13,0.087
1995-11-14,0.057
1995-11-15,0.065
1995-11-16,0.031
1995-11-17,0.044
1995-11-18,0.028
1995-11-19,0.023
1995-11-20,0.022
1995-11-21,0.024
1995-11-22,0.026
1995-11-23,0.029
1995-11-24,0.031
1995-11-25,0.03
1995-11-26,0.095
1995-11-27,0.063
1995-11-28,0.069
1995-11-29,0.058
1995-11-30,0.047
1995-12-01,0.031
1995-12-02,0.035
1995-12-03,0.066
1995-12-04,0.086
1995-12-05,0.058
1995-12-06,0.029
1995-12-07,0.026
1995-12-08,0.023
1995-12-16,0.089
1995-12-17,0.11
1995-12-18,0.054
1995-12-19,0.054
1995-12-20,0.061
1995-12-21,0.081
1995-12-22,0.205
1995-12-23,0.458
1995-12-24,0.128
1995-12-25,0.081
1995-12-26,0.054
1995-12-27,0.041
1995-12-28,0.047
1995-12-29,0.057
1995-12-30,0.236
1995-12-31,0.327
1996-01-01,0.207
1996-01-02,0.369
1996-01-03,0.222
1996-01-04,0.174
1996-01-05,0.131
1996-01-06,0.126
1996-01-07,0.117
1996-01-08,0.102
1996-01-09,0.594
1996-01-10,0.274
1996-01-11,0.268
1996-01-12,0.311
1996-01-13,0.213
1996-01-14,0.164
1996-01-15,0.143
1996-01-16,0.125
1996-01-17,0.117
1996-01-18,0.111
1996-01-19,0.106
1996-01-20,0.1
1996-01-21,0.095
1996-01-22,0.118
1996-01-23,0.243
1996-01-24,0.283
1996-01-25,0.193
1996-01-26,0.141
1996-01-27,0.125
1996-01-28,0.073
1996-01-29,0.059
1996-01-30,0.059
1996-01-31,0.058
1996-02-01,0.054
1996-02-02,0.051
1996-02-03,0.051
1996-02-04,0.05
1996-02-05,0.047
1996-02-06,0.049
1996-02-07,0.08
1996-02-08,0.724
1996-02-09,1.27
1996-02-10,1.109
1996-02-11,0.571
1996-02-12,0.866
1996-02-13,0.782
1996-02-14,0.494
1996-02-15,0.344
1996-02-16,0.268
1996-02-17,0.241
1996-02-18,0.382
1996-02-19,0.485
1996-02-20,0.356
1996-02-21,0.297
1996-02-22,0.243
1996-02-23,0.318
1996-02-24,0.854
1996-02-25,3.711
1996-02-26,3.382
1996-02-27,1.258
1996-02-28,0.74
1996-02-29,0.483
1996-03-01,0.411
1996-03-02,0.349
1996-03-03,0.323
1996-03-04,0.311
1996-03-05,0.265
1996-03-06,0.224
1996-03-07,0.223
1996-03-08,0.222
1996-03-09,0.21
1996-03-10,0.192
1996-03-11,0.174
1996-03-12,0.158
1996-03-13,0.148
1996-03-14,0.139
1996-03-15,0.129
1996-03-16,0.118
1996-03-17,0.109
1996-03-18,0.108
1996-03-19,0.108
1996-03-20,0.129
1996-03-21,0.805
1996-03-22,0.337
1996-03-23,0.264
1996-03-24,0.213
1996-03-25,0.354
1996-03-26,0.281
1996-03-27,0.226
1996-03-28,0.195
1996-03-29,0.191
1996-03-30,0.184
1996-03-31,0.169
1996-04-01,0.15
1996-04-02,0.109
1996-04-03,0.101
1996-04-04,0.1
1996-04-05,0.088
1996-04-06,0.087
1996-04-07,0.091
1996-04-08,0.101
1996-04-09,0.099
1996-04-10,0.104
1996-04-11,0.094
1996-04-12,0.093
1996-04-13,0.155
1996-04-14,0.109
1996-04-15,0.093
1996-04-16,0.087
1996-04-17,0.086
1996-04-18,0.081
1996-04-19,0.077
1996-04-20,0.073
1996-04-21,0.069
1996-04-22,0.474
1996-04-23,0.791
1996-04-24,0.248
1996-04-25,0.225
1996-04-26,0.163
1996-04-27,0.125
1996-04-28,0.11
1996-04-29,0.096
1996-04-30,0.075
1996-05-01,0.081
1996-05-02,0.098
1996-05-03,0.108
1996-05-04,0.096
1996-05-05,0.075
1996-05-06,0.091
1996-05-07,0.098
1996-05-08,0.082
1996-05-09,0.071
1996-05-10,0.08
1996-05-11,0.067
1996-05-12,0.063
1996-05-13,0.055
1996-05-14,0.049
1996-05-15,0.056
1996-05-16,0.104
1996-05-17,0.094
1996-05-18,0.256
1996-05-19,0.218
1996-05-20,0.137
1996-05-21,0.098
1996-05-22,0.114
1996-05-23,0.172
1996-05-24,0.136
1996-05-25,0.375
1996-05-26,0.259
1996-05-27,0.171
1996-05-28,0.132
1996-05-29,0.12
1996-05-30,0.104
1996-05-31,0.082
1996-06-01,0.071
1996-06-02,0.082
1996-06-03,0.064
1996-06-04,0.052
1996-06-05,0.067
1996-06-06,0.081
1996-06-07,0.058
1996-06-08,0.089
1996-06-09,0.087
1996-06-10,0.067
1996-06-11,0.066
1996-06-12,0.057
1996-06-13,0.042
1996-06-14,0.049
1996-06-15,0.049
1996-06-16,0.048
1996-06-17,0.035
1996-06-18,0.04
1996-06-19,0.045
1996-06-20,0.039
1996-06-21,0.035
1996-06-22,0.045
1996-06-23,0.041
1996-06-24,0.036
1996-06-25,0.027
1996-06-26,0.038
1996-06-27,0.042
1996-06-28,0.035
1996-06-29,0.041
1996-06-30,0.045
1996-07-01,0.04
1996-07-02,0.035
1996-07-03,0.035
1996-07-04,0.04
1996-07-05,0.046
1996-07-06,0.047
1996-07-07,0.047
1996-07-08,0.047
1996-07-09,0.033
1996-07-10,0.022
1996-07-11,0.021
1996-07-12,0.021
1996-07-13,0.021
1996-07-14,0.027
1996-07-15,0.03
1996-07-16,0.024
1996-07-17,0.029
1996-07-18,0.021
1996-07-19,0.025
1996-07-20,0.034
1996-07-21,0.041
1996-07-22,0.019
1996-07-23,0.024
1996-07-24,0.032
1996-07-25,0.028
1996-07-26,0.021
1996-07-27,0.014
1996-07-28,0.011
1996-07-29,0.014
1996-07-30,0.014
1996-07-31,0.015
1996-08-01,0.013
1996-08-02,0.013
1996-08-03,0.017
1996-08-04,0.012
1996-08-05,0.015
1996-08-06,0.012
1996-08-07,0.014
1996-08-08,0.014
1996-08-09,0.012
1996-08-10,0.03
1996-08-11,0.022
1996-08-12,0.019
1996-08-13,0.01
1996-08-14,0.015
1996-08-15,0.014
1996-08-16,0.014
1996-08-17,0.013
1996-08-18,0.01
1996-08-19,0.014
1996-08-20,0.011
1996-08-21,0.012
1996-08-22,0.014
1996-08-23,0.027
1996-08-24,0.069
1996-08-25,0.045
1996-08-26,0.021
1996-08-27,0.022
1996-08-28,0.03
1996-08-29,0.026
1996-08-30,0.027
1996-08-31,0.034
1996-09-01,0.021
1996-09-02,0.016
1996-09-03,0.03
1996-09-04,0.015
1996-09-05,0.017
1996-09-06,0.02
1996-09-07,0.033
1996-09-08,0.024
1996-09-09,0.021
1996-09-10,0.014
1996-09-11,0.014
1996-09-12,0.014
1996-09-13,0.018
1996-09-14,0.016
1996-09-15,0.016
1996-09-16,0.011
1996-09-17,0.024
1996-09-18,0.03
1996-09-19,0.031
1996-09-20,0.028
1996-09-21,0.025
1996-09-22,0.022
1996-09-23,0.02
1996-09-24,0.018
1996-09-25,0.017
1996-09-26,0.015
1996-09-27,0.028
1996-09-28,0.026
1996-09-29,0.021
1996-09-30,0.021
1996-10-01,0.04
1996-10-02,0.036
1996-10-03,0.029
1996-10-04,0.019
1996-10-05,0.016
1996-10-06,0.018
1996-10-07,0.021
1996-10-08,0.021
1996-10-09,0.021
1996-10-10,0.021
1996-10-11,0.021
1996-10-12,0.021
1996-10-13,0.021
1996-10-14,0.021
1996-10-15,0.026
1996-10-16,0.046
1996-10-17,0.023
1996-10-18,0.021
1996-10-19,0.046
1996-10-20,0.025
1996-10-21,0.02
1996-10-22,0.018
1996-10-23,0.016
1996-10-24,0.015
1996-10-25,0.016
1996-10-26,0.019
1996-10-27,0.019
1996-10-28,0.019
1996-10-29,0.015
1996-10-30,0.017
1996-10-31,0.02
1996-11-01,0.021
1996-11-02,0.021
1996-11-03,0.021
1996-11-04,0.098
1996-11-05,0.067
1996-11-06,0.037
1996-11-07,0.074
1996-11-08,0.056
1996-11-09,0.041
1996-11-10,0.054
1996-11-11,0.067
1996-11-12,0.101
1996-11-13,0.057
1996-11-14,0.044
1996-11-15,0.036
1996-11-16,0.034
1996-11-17,0.025
1996-11-18,0.033
1996-11-19,0.14
1996-11-20,0.285
1996-11-21,0.213
1996-11-22,0.119
1996-11-23,0.085
1996-11-24,0.072
1996-11-25,0.351
1996-11-26,0.196
1996-11-27,0.295
1996-11-28,0.257
1996-11-29,0.463
1996-11-30,0.34
1996-12-01,0.203
1996-12-02,0.174
1996-12-03,0.472
1996-12-04,0.725
1996-12-05,0.288
1996-12-06,0.176
1996-12-07,0.146
1996-12-08,0.134
1996-12-09,0.122
1996-12-10,0.112
1996-12-11,0.102
1996-12-12,0.092
1996-12-13,0.082
1996-12-14,0.073
1996-12-15,0.064
1996-12-16,0.054
1996-12-17,0.079
1996-12-18,0.105
1996-12-19,0.248
1996-12-20,0.249
1996-12-21,0.238
1996-12-22,0.293
1996-12-23,0.765
1996-12-24,0.301
1996-12-25,0.211
1996-12-26,0.149
1996-12-27,0.148
1996-12-28,0.148
1996-12-29,0.132
1996-12-30,0.107
1996-12-31,0.098
1997-01-01,0.091
1997-01-02,0.169
1997-01-03,0.119
1997-01-04,0.083
1997-01-05,0.074
1997-01-06,0.069
1997-01-07,0.082
1997-01-08,0.073
1997-01-09,0.082
1997-01-10,0.077
1997-01-11,0.08
1997-01-12,0.132
1997-01-13,0.121
1997-01-14,0.099
1997-01-15,0.09
1997-01-16,0.099
1997-01-17,0.115
1997-01-18,0.148
1997-01-19,0.286
1997-01-20,0.271
1997-01-21,0.214
1997-01-22,0.346
1997-01-23,0.289
1997-01-24,0.294
1997-01-25,0.297
1997-01-26,0.261
1997-01-27,0.205
1997-01-28,0.177
1997-01-29,0.178
1997-01-30,0.202
1997-01-31,0.149
1997-02-01,0.14
1997-02-02,0.127
1997-02-03,0.119
1997-02-04,0.115
1997-02-05,0.2
1997-02-06,0.154
1997-02-07,0.115
1997-02-08,0.099
1997-02-09,0.108
1997-02-10,0.114
1997-02-11,0.157
1997-02-12,0.164
1997-02-13,0.332
1997-02-14,1.589
1997-02-15,1.755
1997-02-16,0.653
1997-02-17,0.537
1997-02-18,0.954
1997-02-19,0.604
1997-02-20,0.464
1997-02-21,0.444
1997-02-22,0.343
1997-02-23,0.269
1997-02-24,1.066
1997-02-25,4.158
1997-02-26,3.702
1997-02-27,1.499
1997-02-28,0.879
1997-03-01,0.649
1997-03-02,0.537
1997-03-03,0.626
1997-03-04,0.483
1997-03-05,0.393
1997-03-06,0.372
1997-03-07,0.298
1997-03-08,0.215
1997-03-09,0.201
1997-03-10,0.186
1997-03-11,0.171
1997-03-12,0.158
1997-03-13,0.149
1997-03-14,0.141
1997-03-15,0.132
1997-03-16,0.124
1997-03-17,0.117
1997-03-18,0.113
1997-03-19,0.125
1997-03-20,0.113
1997-03-21,0.102
1997-03-22,0.091
1997-03-23,0.1
1997-03-24,0.12
1997-03-25,0.115
1997-03-26,0.108
1997-03-27,0.107
1997-03-28,0.094
1997-03-29,0.087
1997-03-30,0.084
1997-03-31,0.076
1997-04-01,0.068
1997-04-02,0.066
1997-04-03,0.066
1997-04-04,0.066
1997-04-05,0.066
1997-04-06,0.066
1997-04-07,0.066
1997-04-08,0.066
1997-04-09,0.066
1997-04-10,0.06
1997-04-11,0.039
1997-04-12,0.027
1997-04-13,0.044
1997-04-14,0.043
1997-04-15,0.04
1997-04-16,0.037
1997-04-17,0.035
1997-04-18,0.033
1997-04-19,0.037
1997-04-20,0.042
1997-04-21,0.047
1997-04-22,0.047
1997-04-23,0.047
1997-04-24,0.047
1997-04-25,0.047
1997-04-26,0.061
1997-04-27,0.089
1997-04-28,0.045
1997-04-29,0.033
1997-04-30,0.033
1997-05-01,0.033
1997-05-02,0.033
1997-05-03,0.033
1997-05-04,0.033
1997-05-05,0.073
1997-05-06,0.062
1997-05-07,0.033
1997-05-08,0.033
1997-05-09,0.069
1997-05-10,0.064
1997-05-11,0.05
1997-05-12,0.03
1997-05-13,0.025
1997-05-14,0.02
1997-05-15,0.048
1997-05-16,0.045
1997-05-17,0.065
1997-05-18,0.057
1997-05-19,0.09
1997-05-20,0.077
1997-05-21,0.063
1997-05-22,0.065
1997-05-23,0.051
1997-05-24,0.04
1997-05-25,0.031
1997-05-26,0.026
1997-05-27,0.021
1997-05-28,0.027
1997-05-29,0.017
1997-05-30,0.041
1997-05-31,0.043
1997-06-01,0.03
1997-06-02,0.02
1997-06-03,0.041
1997-06-04,0.038
1997-06-05,0.032
1997-06-06,0.031
1997-06-07,0.094
1997-06-08,0.042
1997-06-09,0.042
1997-06-10,0.04
1997-06-11,0.036
1997-06-12,0.031
1997-06-13,0.041
1997-06-14,0.051
1997-06-15,0.041
1997-06-16,0.063
1997-06-17,0.091
1997-06-18,0.035
1997-06-19,0.026
1997-06-20,0.032
1997-06-21,0.042
1997-06-22,0.043
1997-06-23,0.054
1997-06-24,0.046
1997-06-25,0.062
1997-06-26,0.055
1997-06-27,0.081
1997-06-28,0.324
1997-06-29,0.132
1997-06-30,0.15
1997-07-01,0.107
1997-07-02,0.077
1997-07-03,0.063
1997-07-04,0.051
1997-07-05,0.048
1997-07-06,0.043
1997-07-07,0.032
1997-07-08,0.025
1997-07-09,0.029
1997-07-10,0.028
1997-07-11,0.027
1997-07-12,0.041
1997-07-13,0.038
1997-07-14,0.022
1997-07-15,0.031
1997-07-16,0.02
1997-07-17,0.02
1997-07-18,0.019
1997-07-19,0.019
1997-07-20,0.018
1997-07-21,0.027
1997-07-22,0.017
1997-07-23,0.023
1997-07-24,0.022
1997-07-25,0.053
1997-07-26,0.025
1997-07-27,0.02
1997-07-28,0.021
1997-07-29,0.024
1997-07-30,0.027
1997-07-31,0.032
1997-08-01,0.028
1997-08-02,0.022
1997-08-03,0.016
1997-08-04,0.016
1997-08-05,0.027
1997-08-06,0.019
1997-08-07,0.029
1997-08-08,0.021
1997-08-09,0.016
1997-08-10,0.05
1997-08-11,0.069
1997-08-12,0.024
1997-08-13,0.021
1997-08-14,0.019
1997-08-15,0.015
1997-08-16,0.013
1997-08-17,0.011
1997-08-18,0.009
1997-08-19,0.008
1997-08-20,0.01
1997-08-21,0.007
1997-08-22,0.006
1997-08-23,0.006
1997-08-24,0.005
1997-08-25,0.074
1997-08-26,0.022
1997-08-27,0.053
1997-08-28,0.043
1997-08-29,0.019
1997-08-30,0.051
1997-08-31,0.027
1997-09-01,0.022
1997-09-02,0.036
1997-09-03,0.034
1997-09-04,0.031
1997-09-05,0.027
1997-09-06,0.03
1997-09-07,0.03
1997-09-08,0.031
1997-09-09,0.026
1997-09-10,0.033
1997-09-11,0.022
1997-09-12,0.031
1997-09-13,0.031
1997-09-14,0.022
1997-09-15,0.026
1997-09-16,0.018
1997-09-17,0.02
1997-09-18,0.02
1997-09-19,0.028
1997-09-20,0.019
1997-09-21,0.022
1997-09-22,0.022
1997-09-23,0.015
1997-09-24,0.013
1997-09-25,0.012
1997-09-26,0.01
1997-09-27,0.014
1997-09-28,0.016
1997-09-29,0.012
1997-09-30,0.02
1997-10-01,0.017
1997-10-02,0.018
1997-10-03,0.016
1997-10-04,0.017
1997-10-05,0.015
1997-10-06,0.017
1997-10-07,0.013
1997-10-08,0.05
1997-10-09,0.12
1997-10-10,0.034
1997-10-11,0.03
1997-10-12,0.022
1997-10-13,0.02
1997-10-14,0.019
1997-10-15,0.035
1997-10-16,0.029
1997-10-17,0.022
1997-10-18,0.021
1997-10-19,0.018
1997-10-20,0.18
1997-10-21,0.082
1997-10-22,0.057
1997-10-23,0.036
1997-10-24,0.02
1997-10-25,0.02
1997-10-26,0.02
1997-10-27,0.02
1997-10-28,0.018
1997-10-29,0.024
1997-10-30,0.027
1997-10-31,0.025
1997-11-01,0.025
1997-11-02,0.026
1997-11-03,0.026
1997-11-04,0.039
1997-11-05,0.086
1997-11-06,0.198
1997-11-07,0.086
1997-11-08,0.079
1997-11-09,0.118
1997-11-10,0.097
1997-11-11,0.085
1997-11-12,0.11
1997-11-13,0.07
1997-11-14,0.094
1997-11-15,0.06
1997-11-16,0.047
1997-11-17,0.04
1997-11-18,0.068
1997-11-19,0.081
1997-11-20,0.079
1997-11-21,0.078
1997-11-22,0.07
1997-11-23,0.057
1997-11-24,0.04
1997-11-25,0.035
1997-11-26,0.037
1997-11-27,0.059
1997-11-28,0.112
1997-11-29,0.108
1997-11-30,0.099
1997-12-01,0.129
1997-12-02,0.235
1997-12-03,0.118
1997-12-04,0.102
1997-12-05,0.092
1997-12-06,0.082
1997-12-07,0.072
1997-12-08,0.107
1997-12-09,0.119
1997-12-10,0.28
1997-12-11,0.247
1997-12-12,0.175
1997-12-13,0.119
1997-12-14,0.11
1997-12-15,0.107
1997-12-16,0.107
1997-12-17,0.139
1997-12-18,0.347
1997-12-19,0.269
1997-12-20,0.214
1997-12-21,0.175
1997-12-22,0.15
1997-12-23,0.155
1997-12-24,0.296
1997-12-25,0.586
1997-12-26,0.522
1997-12-27,0.377
1997-12-28,0.339
1997-12-29,0.274
1997-12-30,0.35
1997-12-31,0.529
1998-01-01,0.425
1998-01-02,1.175
1998-01-03,0.866
1998-01-04,1.142
1998-01-05,0.959
1998-01-06,1.056
1998-01-07,2.781
1998-01-08,1.078
1998-01-09,0.653
1998-01-10,0.468
1998-01-11,0.427
1998-01-12,0.402
1998-01-13,0.425
1998-01-14,1.108
1998-01-15,1.931
1998-01-16,1.742
1998-01-17,0.881
1998-01-18,1.342
1998-01-19,2.066
1998-01-20,0.946
1998-01-21,0.588
1998-01-22,0.513
1998-01-23,0.417
1998-01-24,0.361
1998-01-25,0.309
1998-01-26,0.273
1998-01-27,0.236
1998-01-28,0.187
1998-01-29,0.171
1998-01-30,0.163
1998-01-31,0.16
1998-02-01,0.158
1998-02-02,0.138
1998-02-03,0.141
1998-02-04,0.123
1998-02-05,0.121
1998-02-06,0.119
1998-02-07,0.134
1998-02-08,0.123
1998-02-09,0.125
1998-02-10,0.108
1998-02-11,0.087
1998-02-12,0.088
1998-02-13,0.088
1998-02-14,0.089
1998-02-15,0.09
1998-02-16,0.09
1998-02-17,0.091
1998-02-18,0.091
1998-02-19,0.092
1998-02-20,0.093
1998-02-21,0.163
1998-02-22,0.209
1998-02-23,0.154
1998-02-24,0.133
1998-02-25,0.129
1998-02-26,0.126
1998-02-27,0.123
1998-02-28,0.119
1998-03-01,0.116
1998-03-02,0.105
1998-03-03,0.084
1998-03-04,0.35
1998-03-05,0.293
1998-03-06,0.176
1998-03-07,0.176
1998-03-08,0.324
1998-03-09,0.292
1998-03-10,0.178
1998-03-11,0.293
1998-03-12,0.236
1998-03-13,0.152
1998-03-14,0.124
1998-03-15,0.117
1998-03-16,0.109
1998-03-17,0.101
1998-03-18,0.102
1998-03-19,0.099
1998-03-20,0.09
1998-03-21,0.081
1998-03-22,0.072
1998-03-23,0.064
1998-03-24,0.057
1998-03-25,0.056
1998-03-26,0.055
1998-03-27,0.055
1998-03-28,0.06
1998-03-29,0.055
1998-03-30,0.052
1998-03-31,0.065
1998-04-01,0.075
1998-04-02,0.178
1998-04-03,1.426
1998-04-04,0.867
1998-04-05,0.492
1998-04-06,0.379
1998-04-07,0.39
1998-04-08,0.589
1998-04-09,0.772
1998-04-10,0.947
1998-04-11,0.649
1998-04-12,0.609
1998-04-13,0.39
1998-04-14,0.32
1998-04-15,0.526
1998-04-16,0.931
1998-04-17,2.538
1998-04-18,1.218
1998-04-19,1.194
1998-04-20,1.239
1998-04-21,0.651
1998-04-22,0.458
1998-04-23,0.408
1998-04-24,0.336
1998-04-25,0.31
1998-04-26,0.459
1998-04-27,0.828
1998-04-28,1.008
1998-04-29,0.887
1998-04-30,0.966
1998-05-01,0.648
1998-05-02,0.459
1998-05-03,0.594
1998-05-04,0.376
1998-05-05,0.318
1998-05-06,0.262
1998-05-07,0.213
1998-05-08,0.188
1998-05-09,0.17
1998-05-10,0.154
1998-05-11,0.139
1998-05-12,0.125
1998-05-13,0.113
1998-05-14,0.101
1998-05-15,0.091
1998-05-16,0.083
1998-05-17,0.074
1998-05-18,0.066
1998-05-19,0.057
1998-05-20,0.05
1998-05-21,0.046
1998-05-22,0.042
1998-05-23,0.039
1998-05-24,0.035
1998-05-25,0.032
1998-05-26,0.038
1998-05-27,0.065
1998-05-28,0.07
1998-05-29,0.07
1998-05-30,0.028
1998-05-31,0.029
1998-06-01,0.03
1998-06-02,0.03
1998-06-03,0.027
1998-06-04,0.026
1998-06-05,0.068
1998-06-06,0.041
1998-06-07,0.04
1998-06-08,0.039
1998-06-09,0.038
1998-06-10,0.048
1998-06-11,0.038
1998-06-12,0.038
1998-06-13,0.065
1998-06-14,0.077
1998-06-15,0.224
1998-06-16,0.079
1998-06-17,0.056
1998-06-18,0.053
1998-06-19,0.049
1998-06-20,0.046
1998-06-21,0.043
1998-06-22,0.04
1998-06-23,0.037
1998-06-24,0.035
1998-06-25,0.032
1998-06-26,0.03
1998-06-27,0.046
1998-06-28,0.045
1998-06-29,0.026
1998-06-30,0.025
1998-07-01,0.027
1998-07-02,0.1
1998-07-03,0.13
1998-07-04,0.052
1998-07-05,0.044
1998-07-06,0.038
1998-07-07,0.036
1998-07-08,0.034
1998-07-09,0.032
1998-07-10,0.031
1998-07-11,0.029
1998-07-12,0.027
1998-07-13,0.159
1998-07-14,0.07
1998-07-15,0.039
1998-07-16,0.035
1998-07-17,0.036
1998-07-18,0.036
1998-07-19,0.036
1998-07-20,0.036
1998-07-21,0.036
1998-07-22,0.037
1998-07-23,0.068
1998-07-24,0.095
1998-07-25,0.045
1998-07-26,0.039
1998-07-27,0.034
1998-07-28,0.042
1998-07-29,0.048
1998-07-30,0.033
1998-07-31,0.031
1998-08-01,0.03
1998-08-02,0.029
1998-08-03,0.028
1998-08-04,0.027
1998-08-05,0.026
1998-08-06,0.023
1998-08-07,0.021
1998-08-08,0.019
1998-08-09,0.017
1998-08-10,0.015
1998-08-11,0.015
1998-08-12,0.016
1998-08-13,0.016
1998-08-14,0.017
1998-08-15,0.018
1998-08-16,0.018
1998-08-17,0.018
1998-08-18,0.016
1998-08-19,0.023
1998-08-20,0.027
1998-08-21,0.03
1998-08-22,0.034
1998-08-23,0.037
1998-08-24,0.033
1998-08-25,0.029
1998-08-26,0.025
1998-08-27,0.022
1998-08-28,0.02
1998-08-29,0.019
1998-08-30,0.018
1998-08-31,0.017
1998-09-01,0.026
1998-09-02,0.061
1998-09-03,0.127
1998-09-04,0.112
1998-09-05,0.117
1998-09-06,0.056
1998-09-07,0.053
1998-09-08,0.052
1998-09-09,0.097
1998-09-10,0.098
1998-09-11,0.083
1998-09-12,0.158
1998-09-13,0.131
1998-09-14,0.118
1998-09-15,0.159
1998-09-16,0.136
1998-09-17,0.072
1998-09-18,0.069
1998-09-19,0.064
1998-09-20,0.059
1998-09-21,0.057
1998-09-22,0.055
1998-09-23,0.053
1998-09-24,0.052
1998-09-25,0.05
1998-09-26,0.048
1998-09-27,0.175
1998-09-28,0.18
1998-09-29,0.096
1998-09-30,0.095
1998-10-01,0.494
1998-10-02,0.448
1998-10-03,0.203
1998-10-04,0.145
1998-10-05,0.123
1998-10-06,0.105
1998-10-07,0.086
1998-10-08,0.059
1998-10-09,0.062
1998-10-10,0.084
1998-10-11,0.105
1998-10-12,0.103
1998-10-13,0.084
1998-10-14,0.123
1998-10-15,0.166
1998-10-16,0.244
1998-10-17,0.289
1998-10-18,0.202
1998-10-19,0.156
1998-10-20,0.135
1998-10-21,0.1
1998-10-22,0.08
1998-10-23,0.338
1998-10-24,1.097
1998-10-25,3.465
1998-10-26,0.682
1998-10-27,0.378
1998-10-28,0.836
1998-10-29,3.511
1998-10-30,0.86
1998-10-31,0.703
1998-11-01,1.586
1998-11-02,0.765
1998-11-03,0.664
1998-11-04,0.422
1998-11-05,0.328
1998-11-06,0.281
1998-11-07,0.263
1998-11-08,0.242
1998-11-09,0.247
1998-11-10,0.278
1998-11-11,0.253
1998-11-12,0.314
1998-11-13,0.629
1998-11-14,1.272
1998-11-15,0.694
1998-11-16,0.437
1998-11-17,0.358
1998-11-18,0.319
1998-11-19,0.269
1998-11-20,0.223
1998-11-21,0.206
1998-11-22,0.201
1998-11-23,0.188
1998-11-24,0.166
1998-11-25,0.289
1998-11-26,0.216
1998-11-27,0.192
1998-11-28,0.521
1998-11-29,0.495
1998-11-30,0.306
1998-12-01,0.238
1998-12-02,0.209
1998-12-03,0.188
1998-12-04,0.18
1998-12-05,0.172
1998-12-06,0.164
1998-12-07,0.142
1998-12-08,0.148
1998-12-09,1.724
1998-12-10,1.149
1998-12-11,0.953
1998-12-12,0.996
1998-12-13,0.777
1998-12-14,0.526
1998-12-15,0.438
1998-12-16,0.405
1998-12-17,0.367
1998-12-18,0.325
1998-12-19,0.335
1998-12-20,4.162
1998-12-21,1.436
1998-12-22,0.748
1998-12-23,0.644
1998-12-24,1.14
1998-12-25,1.055
1998-12-26,1.61
1998-12-27,6.016
1998-12-28,2.589
1998-12-29,1.33
1998-12-30,1.415
1998-12-31,2.288
1999-01-01,0.999
1999-01-02,0.812
1999-01-03,0.882
1999-01-04,0.758
1999-01-05,0.585
1999-01-06,0.525
1999-01-07,0.594
1999-01-08,2.401
1999-01-09,0.88
1999-01-10,0.566
1999-01-11,0.429
1999-01-12,0.912
1999-01-13,1.449
1999-01-14,1.237
1999-01-15,0.678
1999-01-16,2.396
1999-01-17,2.176
1999-01-18,1.054
1999-01-19,0.911
1999-01-20,1.15
1999-01-21,1.788
1999-01-22,1.043
1999-01-23,0.69
1999-01-24,0.581
1999-01-25,0.734
1999-01-26,1.939
1999-01-27,1.479
1999-01-28,0.845
1999-01-29,0.629
1999-01-30,0.486
1999-01-31,0.387
1999-02-01,0.328
1999-02-02,0.31
1999-02-03,0.291
1999-02-04,0.269
1999-02-05,0.26
1999-02-06,0.239
1999-02-07,0.311
1999-02-08,1.855
1999-02-09,2.92
1999-02-10,0.951
1999-02-11,0.635
1999-02-12,0.472
1999-02-13,0.371
1999-02-14,0.325
1999-02-15,0.313
1999-02-16,0.313
1999-02-17,0.305
1999-02-18,0.293
1999-02-19,0.508
1999-02-20,1.543
1999-02-21,0.794
1999-02-22,0.584
1999-02-23,0.397
1999-02-24,2.105
1999-02-25,0.848
1999-02-26,0.583
1999-02-27,0.457
1999-02-28,0.397
1999-03-01,0.32
1999-03-02,0.385
1999-03-03,0.849
1999-03-04,0.843
1999-03-05,1.094
1999-03-06,0.899
1999-03-07,0.869
1999-03-08,1.868
1999-03-09,1.483
1999-03-10,0.752
1999-03-11,0.453
1999-03-12,0.372
1999-03-13,0.307
1999-03-14,0.264
1999-03-15,0.216
1999-03-16,0.202
1999-03-17,0.186
1999-03-18,0.173
1999-03-19,0.15
1999-03-20,0.148
1999-03-21,0.167
1999-03-22,0.174
1999-03-23,0.161
1999-03-24,0.137
1999-03-25,0.132
1999-03-26,0.125
1999-03-27,0.12
1999-03-28,0.103
1999-03-29,0.085
1999-03-30,0.082
1999-03-31,0.081
1999-04-01,0.084
1999-04-02,0.097
1999-04-03,0.398
1999-04-04,0.174
1999-04-05,0.143
1999-04-06,0.122
1999-04-07,0.105
1999-04-08,0.121
1999-04-09,0.109
1999-04-10,0.101
1999-04-11,0.093
1999-04-12,0.156
1999-04-13,0.148
1999-04-14,1.283
1999-04-15,1.037
1999-04-16,0.516
1999-04-17,0.435
1999-04-18,0.302
1999-04-19,0.218
1999-04-20,2.013
1999-04-21,2.134
1999-04-22,0.811
1999-04-23,1.13
1999-04-24,0.884
1999-04-25,0.507
1999-04-26,0.458
1999-04-27,0.424
1999-04-28,0.611
1999-04-29,0.328
1999-04-30,0.263
1999-05-01,0.209
1999-05-02,0.179
1999-05-03,0.164
1999-05-04,0.145
1999-05-05,0.12
1999-05-06,0.115
1999-05-07,0.135
1999-05-08,0.147
1999-05-09,0.113
1999-05-10,0.102
1999-05-11,0.116
1999-05-12,0.137
1999-05-13,0.138
1999-05-14,0.122
1999-05-15,0.109
1999-05-16,0.095
1999-05-17,0.201
1999-05-18,0.181
1999-05-19,0.167
1999-05-20,0.141
1999-05-21,0.129
1999-05-22,0.121
1999-05-23,0.117
1999-05-24,0.094
1999-05-25,0.091
1999-05-26,0.091
1999-05-27,0.069
1999-05-28,0.068
1999-05-29,0.074
1999-05-30,0.078
1999-05-31,0.073
1999-06-01,0.109
1999-06-02,0.088
1999-06-03,0.117
1999-06-04,0.163
1999-06-05,0.133
1999-06-06,0.153
1999-06-07,0.171
1999-06-08,0.214
1999-06-09,0.108
1999-06-10,0.079
1999-06-11,0.064
1999-06-12,0.049
1999-06-13,0.05
1999-06-14,0.05
1999-06-15,0.049
1999-06-16,0.039
1999-06-17,0.031
1999-06-18,0.043
1999-06-19,0.046
1999-06-20,0.044
1999-06-21,0.035
1999-06-22,0.031
1999-06-23,0.032
1999-06-24,0.033
1999-06-25,0.03
1999-06-26,0.027
1999-06-27,0.033
1999-06-28,0.041
1999-06-29,0.034
1999-06-30,0.034
1999-07-01,0.031
1999-07-02,0.028
1999-07-03,0.026
1999-07-04,0.028
1999-07-05,0.031
1999-07-06,0.031
1999-07-07,0.031
1999-07-08,0.024
1999-07-09,0.023
1999-07-10,0.019
1999-07-11,0.024
1999-07-12,0.025
1999-07-13,0.022
1999-07-14,0.022
1999-07-15,0.022
1999-07-16,0.025
1999-07-17,0.019
1999-07-18,0.021
1999-07-19,0.021
1999-07-20,0.027
1999-07-21,0.03
1999-07-22,0.027
1999-07-23,0.025
1999-07-24,0.039
1999-07-25,0.037
1999-07-26,0.024
1999-07-27,0.016
1999-07-28,0.015
1999-07-29,0.016
1999-07-30,0.029
1999-07-31,0.032
1999-08-01,0.037
1999-08-02,0.031
1999-08-03,0.028
1999-08-04,0.022
1999-08-05,0.045
1999-08-06,0.031
1999-08-07,0.038
1999-08-08,0.081
1999-08-09,0.04
1999-08-10,0.065
1999-08-11,0.045
1999-08-12,0.052
1999-08-13,0.029
1999-08-14,0.042
1999-08-15,0.037
1999-08-16,0.036
1999-08-17,0.035
1999-08-18,0.101
1999-08-19,0.041
1999-08-20,0.036
1999-08-21,0.031
1999-08-22,0.025
1999-08-23,0.028
1999-08-24,0.028
1999-08-25,0.033
1999-08-26,0.033
1999-08-27,0.027
1999-08-28,0.027
1999-08-29,0.021
1999-08-30,0.022
1999-08-31,0.021
1999-09-01,0.015
1999-09-02,0.027
1999-09-03,0.024
1999-09-04,0.025
1999-09-05,0.024
1999-09-06,0.027
1999-09-07,0.024
1999-09-08,0.024
1999-09-09,0.024
1999-09-10,0.016
1999-09-11,0.018
1999-09-12,0.035
1999-09-13,0.044
1999-09-14,0.062
1999-09-15,0.024
1999-09-16,0.019
1999-09-17,0.023
1999-09-18,0.024
1999-09-19,0.148
1999-09-20,0.226
1999-09-21,0.139
1999-09-22,0.072
1999-09-23,0.075
1999-09-24,0.061
1999-09-25,0.043
1999-09-26,0.076
1999-09-27,0.074
1999-09-28,0.176
1999-09-29,0.236
1999-09-30,1.133
1999-10-01,0.416
1999-10-02,0.191
1999-10-03,0.138
1999-10-04,0.162
1999-10-05,0.133
1999-10-06,0.107
1999-10-07,0.083
1999-10-08,0.075
1999-10-09,0.061
1999-10-10,0.061
1999-10-11,0.049
1999-10-12,0.046
1999-10-13,0.036
1999-10-14,0.057
1999-10-15,0.074
1999-10-16,0.055
1999-10-17,0.053
1999-10-18,0.052
1999-10-19,0.048
1999-10-20,0.046
1999-10-21,0.058
1999-10-22,0.075
1999-10-23,0.27
1999-10-24,0.735
1999-10-25,2.035
1999-10-26,0.663
1999-10-27,0.35
1999-10-28,0.254
1999-10-29,0.203
1999-10-30,0.193
1999-10-31,0.199
1999-11-01,0.278
1999-11-02,0.963
1999-11-03,0.384
1999-11-04,0.294
1999-11-05,0.307
1999-11-06,0.431
1999-11-07,0.257
1999-11-08,0.21
1999-11-09,0.209
1999-11-10,0.214
1999-11-11,0.235
1999-11-12,0.208
1999-11-13,0.188
1999-11-14,0.126
1999-11-15,0.111
1999-11-16,0.103
1999-11-17,0.173
1999-11-18,0.263
1999-11-19,0.27
1999-11-20,0.251
1999-11-21,0.266
1999-11-22,0.192
1999-11-23,0.179
1999-11-24,0.166
1999-11-25,0.151
1999-11-26,0.139
1999-11-27,0.136
1999-11-28,0.133
1999-11-29,0.125
1999-11-30,0.112
1999-12-01,0.11
1999-12-02,0.109
1999-12-03,0.107
1999-12-04,0.568
1999-12-05,0.391
1999-12-06,0.258
1999-12-07,0.208
1999-12-08,0.207
1999-12-09,0.894
1999-12-10,0.384
1999-12-11,1.63
1999-12-12,4.57
1999-12-13,1.547
1999-12-14,1.567
1999-12-15,0.981
1999-12-16,0.552
1999-12-17,1.156
1999-12-18,2.853
1999-12-19,1.784
1999-12-20,0.901
1999-12-21,0.61
1999-12-22,0.453
1999-12-23,0.477
1999-12-24,1.093
1999-12-25,4.727
1999-12-26,3.81
1999-12-27,4.572
1999-12-28,5.693
1999-12-29,2.31
1999-12-30,1.467
1999-12-31,2.755
2000-01-01,1.528
2000-01-02,1.302
2000-01-03,1.104
2000-01-04,1.527
2000-01-05,1.375
2000-01-06,0.894
2000-01-07,0.814
2000-01-08,0.845
2000-01-09,0.768
2000-01-10,0.532
2000-01-11,0.436
2000-01-12,0.367
2000-01-13,0.374
2000-01-14,0.838
2000-01-15,0.556
2000-01-16,0.368
2000-01-17,0.327
2000-01-18,0.317
2000-01-19,0.306
2000-01-20,0.293
2000-01-21,0.28
2000-01-22,0.267
2000-01-23,0.254
2000-01-24,0.241
2000-01-25,0.231
2000-01-26,0.22
2000-01-27,0.21
2000-01-28,0.199
2000-01-29,0.189
2000-01-30,0.178
2000-01-31,0.168
2000-02-01,0.159
2000-02-02,0.312
2000-02-03,0.21
2000-02-04,0.17
2000-02-05,0.153
2000-02-06,0.151
2000-02-07,0.226
2000-02-08,1.181
2000-02-09,0.669
2000-02-10,0.954
2000-02-11,0.98
2000-02-12,0.503
2000-02-13,1.026
2000-02-14,0.727
2000-02-15,0.615
2000-02-16,0.579
2000-02-17,0.426
2000-02-18,0.448
2000-02-19,0.425
2000-02-20,0.355
2000-02-21,0.322
2000-02-22,0.271
2000-02-23,0.234
2000-02-24,0.216
2000-02-25,0.217
2000-02-26,0.205
2000-02-27,0.195
2000-02-28,0.578
2000-02-29,1.961
2000-03-01,1.658
2000-03-02,0.793
2000-03-03,0.812
2000-03-04,1.619
2000-03-05,0.671
2000-03-06,0.451
2000-03-07,0.377
2000-03-08,0.306
2000-03-09,0.262
2000-03-10,0.236
2000-03-11,0.223
2000-03-12,0.211
2000-03-13,0.187
2000-03-14,0.17
2000-03-15,0.14
2000-03-16,0.137
2000-03-17,0.136
2000-03-18,0.135
2000-03-19,0.129
2000-03-20,0.126
2000-03-21,0.115
2000-03-22,0.111
2000-03-23,0.116
2000-03-24,0.177
2000-03-25,0.229
2000-03-26,0.264
2000-03-27,0.226
2000-03-28,0.234
2000-03-29,0.249
2000-03-30,0.252
2000-03-31,0.265
2000-04-01,0.297
2000-04-02,0.323
2000-04-03,0.968
2000-04-04,0.534
2000-04-05,0.331
2000-04-06,0.271
2000-04-07,0.221
2000-04-08,0.197
2000-04-09,0.185
2000-04-10,0.17
2000-04-11,0.183
2000-04-12,0.246
2000-04-13,0.22
2000-04-14,0.253
2000-04-15,1.791
2000-04-16,0.77
2000-04-17,0.81
2000-04-18,0.688
2000-04-19,0.566
2000-04-20,0.414
2000-04-21,0.651
2000-04-22,0.387
2000-04-23,0.348
2000-04-24,0.311
2000-04-25,0.35
2000-04-26,1.341
2000-04-27,0.629
2000-04-28,0.642
2000-04-29,0.375
2000-04-30,0.299
2000-05-01,0.247
2000-05-02,0.226
2000-05-03,0.209
2000-05-04,0.193
2000-05-05,0.176
2000-05-06,0.165
2000-05-07,0.158
2000-05-08,0.152
2000-05-09,0.214
2000-05-10,0.22
2000-05-11,1.631
2000-05-12,1.451
2000-05-13,0.532
2000-05-14,0.305
2000-05-15,0.232
2000-05-16,0.213
2000-05-17,0.165
2000-05-18,0.161
2000-05-19,0.15
2000-05-20,0.13
2000-05-21,0.143
2000-05-22,0.123
2000-05-23,0.109
2000-05-24,0.108
2000-05-25,0.134
2000-05-26,0.115
2000-05-27,0.105
2000-05-28,0.185
2000-05-29,0.104
2000-05-30,0.288
2000-05-31,0.493
2000-06-01,0.219
2000-06-02,0.171
2000-06-03,0.145
2000-06-04,0.129
2000-06-05,0.482
2000-06-06,0.254
2000-06-07,0.169
2000-06-08,0.151
2000-06-09,0.135
2000-06-10,0.115
2000-06-11,0.092
2000-06-12,0.086
2000-06-13,0.081
2000-06-14,0.078
2000-06-15,0.069
2000-06-16,0.057
2000-06-17,0.051
2000-06-18,0.052
2000-06-19,0.052
2000-06-20,0.05
2000-06-21,0.053
2000-06-22,0.053
2000-06-23,0.046
2000-06-24,0.046
2000-06-25,0.046
2000-06-26,0.044
2000-06-27,0.038
2000-06-28,0.034
2000-06-29,0.027
2000-06-30,0.036
2000-07-01,0.042
2000-07-02,0.045
2000-07-03,0.046
2000-07-04,0.042
2000-07-05,0.053
2000-07-06,0.043
2000-07-07,0.116
2000-07-08,0.079
2000-07-09,0.124
2000-07-10,0.233
2000-07-11,0.199
2000-07-12,0.155
2000-07-13,0.102
2000-07-14,0.09
2000-07-15,0.068
2000-07-16,0.062
2000-07-17,0.056
2000-07-18,0.047
2000-07-19,0.052
2000-07-20,0.05
2000-07-21,0.04
2000-07-22,0.038
2000-07-23,0.039
2000-07-24,0.072
2000-07-25,0.124
2000-07-26,0.303
2000-07-27,0.212
2000-07-28,0.285
2000-07-29,0.278
2000-07-30,0.125
2000-07-31,0.084
2000-08-01,0.068
2000-08-02,0.06
2000-08-03,0.082
2000-08-04,0.058
2000-08-05,0.05
2000-08-06,0.042
2000-08-07,0.04
2000-08-08,0.039
2000-08-09,0.039
2000-08-10,0.038
2000-08-11,0.031
2000-08-12,0.031
2000-08-13,0.03
2000-08-14,0.029
2000-08-15,0.026
2000-08-16,0.025
2000-08-17,0.021
2000-08-18,0.021
2000-08-19,0.028
2000-08-20,0.05
2000-08-21,0.046
2000-08-22,0.032
2000-08-23,0.028
2000-08-24,0.027
2000-08-25,0.027
2000-08-26,0.026
2000-08-27,0.03
2000-08-28,0.031
2000-08-29,0.032
2000-08-30,0.032
2000-08-31,0.031
2000-09-01,0.03
2000-09-02,0.029
2000-09-03,0.028
2000-09-04,0.027
2000-09-05,0.024
2000-09-06,0.022
2000-09-07,0.022
2000-09-08,0.022
2000-09-09,0.022
2000-09-10,0.022
2000-09-11,0.023
2000-09-12,0.023
2000-09-13,0.023
2000-09-14,0.023
2000-09-15,0.023
2000-09-16,0.023
2000-09-17,0.023
2000-09-18,0.022
2000-09-19,0.089
2000-09-20,0.105
2000-09-21,0.06
2000-09-22,0.045
2000-09-23,0.032
2000-09-24,0.027
2000-09-25,0.025
2000-09-26,0.024
2000-09-27,0.02
2000-09-28,0.277
2000-09-29,0.194
2000-09-30,0.086
2000-10-01,0.073
2000-10-02,0.077
2000-10-03,0.061
2000-10-04,0.055
2000-10-05,0.047
2000-10-06,0.037
2000-10-07,0.032
2000-10-08,0.058
2000-10-09,0.138
2000-10-10,0.401
2000-10-11,0.528
2000-10-12,0.328
2000-10-13,0.253
2000-10-14,0.155
2000-10-15,0.134
2000-10-16,0.631
2000-10-17,0.312
2000-10-18,1.382
2000-10-19,1.361
2000-10-20,1.507
2000-10-21,1.735
2000-10-22,0.571
2000-10-23,0.336
2000-10-24,0.255
2000-10-25,0.235
2000-10-26,0.212
2000-10-27,0.179
2000-10-28,0.196
2000-10-29,0.271
2000-10-30,2.283
2000-10-31,1.151
2000-11-01,0.497
2000-11-02,1.477
2000-11-03,0.975
2000-11-04,0.6
2000-11-05,0.767
2000-11-06,4.815
2000-11-07,1.881
2000-11-08,1.012
2000-11-09,0.624
2000-11-10,0.397
2000-11-11,0.327
2000-11-12,2.02
2000-11-13,1.46
2000-11-14,0.678
2000-11-15,0.451
2000-11-16,1.102
2000-11-17,0.777
2000-11-18,0.522
2000-11-19,0.941
2000-11-20,0.692
2000-11-21,1.182
2000-11-22,1.278
2000-11-23,2.313
2000-11-24,1.41
2000-11-25,1.961
2000-11-26,2.008
2000-11-27,1.147
2000-11-28,1.016
2000-11-29,0.704
2000-11-30,0.489
2000-12-01,0.795
2000-12-02,0.729
2000-12-03,0.664
2000-12-04,0.828
2000-12-05,0.681
2000-12-06,0.688
2000-12-07,1.433
2000-12-08,1.161
2000-12-09,1.34
2000-12-10,1.313
2000-12-11,0.94
2000-12-12,4.29
2000-12-13,2.464
2000-12-14,4.502
2000-12-15,2.432
2000-12-16,1.196
2000-12-17,0.872
2000-12-18,1.08
2000-12-19,0.933
2000-12-20,0.657
2000-12-21,0.483
2000-12-22,0.417
2000-12-23,0.381
2000-12-24,0.361
2000-12-25,0.331
2000-12-26,0.305
2000-12-27,0.308
2000-12-28,0.474
2000-12-29,0.744
2000-12-30,0.386
2000-12-31,0.317
2001-01-01,2.722
2001-01-02,2.859
2001-01-03,1.74
2001-01-04,4.418
2001-01-05,6.724
2001-01-06,4.184
2001-01-07,1.46
2001-01-08,0.944
2001-01-09,0.786
2001-01-10,1.433
2001-01-11,1.599
2001-01-12,2.597
2001-01-13,1.134
2001-01-14,0.812
2001-01-15,0.639
2001-01-16,0.545
2001-01-17,0.499
2001-01-18,0.447
2001-01-19,0.445
2001-01-20,0.444
2001-01-21,1.452
2001-01-22,1.645
2001-01-23,2.868
2001-01-24,3.329
2001-01-25,2.169
2001-01-26,1.861
2001-01-27,1.974
2001-01-28,1.232
2001-01-29,0.791
2001-01-30,0.6
2001-01-31,0.584
2001-02-01,0.431
2001-02-02,0.483
2001-02-03,0.535
2001-02-04,0.863
2001-02-05,1.693
2001-02-06,2.162
2001-02-07,1.749
2001-02-08,3.013
2001-02-09,2.117
2001-02-10,1.088
2001-02-11,0.821
2001-02-12,0.667
2001-02-13,0.498
2001-02-14,0.42
2001-02-15,0.369
2001-02-16,0.331
2001-02-17,0.252
2001-02-18,0.224
2001-02-19,0.208
2001-02-20,0.201
2001-02-21,0.197
2001-02-22,0.202
2001-02-23,0.209
2001-02-24,0.192
2001-02-25,0.176
2001-02-26,0.218
2001-02-27,0.67
2001-02-28,0.409
2001-03-01,0.294
2001-03-02,0.258
2001-03-03,0.225
2001-03-04,0.622
2001-03-05,0.323
2001-03-06,0.261
2001-03-07,0.239
2001-03-08,0.799
2001-03-09,0.5
2001-03-10,1.021
2001-03-11,1.13
2001-03-12,1.019
2001-03-13,1.565
2001-03-14,1.669
2001-03-15,2.062
2001-03-16,1.171
2001-03-17,1.077
2001-03-18,2.149
2001-03-19,1.146
2001-03-20,3.715
2001-03-21,4.546
2001-03-22,4.314
2001-03-23,1.859
2001-03-24,2.927
2001-03-25,3.8
2001-03-26,1.365
2001-03-27,0.961
2001-03-28,2.36
2001-03-29,1.889
2001-03-30,1.041
2001-03-31,0.721
2001-04-01,0.53
2001-04-02,0.428
2001-04-03,0.385
2001-04-04,0.389
2001-04-05,0.598
2001-04-06,0.997
2001-04-07,1.199
2001-04-08,0.743
2001-04-09,0.46
2001-04-10,0.405
2001-04-11,0.353
2001-04-12,0.285
2001-04-13,0.243
2001-04-14,0.215
2001-04-15,0.202
2001-04-16,0.197
2001-04-17,0.178
2001-04-18,0.179
2001-04-19,0.183
2001-04-20,0.179
2001-04-21,0.174
2001-04-22,0.322
2001-04-23,1.72
2001-04-24,0.515
2001-04-25,0.49
2001-04-26,0.445
2001-04-27,0.385
2001-04-28,0.565
2001-04-29,0.511
2001-04-30,0.466
2001-05-01,4.513
2001-05-02,1.54
2001-05-03,1.057
2001-05-04,3.597
2001-05-05,1.472
2001-05-06,0.751
2001-05-07,0.469
2001-05-08,0.355
2001-05-09,0.308
2001-05-10,0.425
2001-05-11,0.302
2001-05-12,0.251
2001-05-13,0.216
2001-05-14,0.177
2001-05-15,0.176
2001-05-16,0.186
2001-05-17,0.165
2001-05-18,0.147
2001-05-19,0.127
2001-05-20,0.125
2001-05-21,0.103
2001-05-22,0.085
2001-05-23,0.086
2001-05-24,0.085
2001-05-25,0.077
2001-05-26,0.076
2001-05-27,0.074
2001-05-28,0.069
2001-05-29,0.061
2001-05-30,0.06
2001-05-31,0.059
2001-06-01,0.062
2001-06-02,0.06
2001-06-03,0.06
2001-06-04,0.06
2001-06-05,0.06
2001-06-06,0.065
2001-06-07,0.069
2001-06-08,0.113
2001-06-09,0.076
2001-06-10,0.064
2001-06-11,0.058
2001-06-12,0.05
2001-06-13,0.048
2001-06-14,0.046
2001-06-15,0.048
2001-06-16,0.078
2001-06-17,0.154
2001-06-18,0.074
2001-06-19,0.06
2001-06-20,0.057
2001-06-21,0.056
2001-06-22,0.053
2001-06-23,0.033
2001-06-24,0.039
2001-06-25,0.041
2001-06-26,0.04
2001-06-27,0.067
2001-06-28,0.1
2001-06-29,0.109
2001-06-30,0.077
2001-07-01,0.054
2001-07-02,0.052
2001-07-03,0.045
2001-07-04,0.035
2001-07-05,0.048
2001-07-06,0.031
2001-07-07,0.031
2001-07-08,0.033
2001-07-09,0.031
2001-07-10,0.027
2001-07-11,0.039
2001-07-12,0.046
2001-07-13,0.086
2001-07-14,0.173
2001-07-15,0.119
2001-07-16,0.067
2001-07-17,0.167
2001-07-18,0.935
2001-07-19,0.865
2001-07-20,0.219
2001-07-21,0.155
2001-07-22,0.138
2001-07-23,0.095
2001-07-24,0.087
2001-07-25,0.055
2001-07-26,0.051
2001-07-27,0.05
2001-07-28,0.303
2001-07-29,0.116
2001-07-30,0.079
2001-07-31,0.063
2001-08-01,0.056
2001-08-02,0.068
2001-08-03,0.211
2001-08-04,0.105
2001-08-05,0.07
2001-08-06,0.079
2001-08-07,0.073
2001-08-08,0.087
2001-08-09,0.06
2001-08-10,0.051
2001-08-11,0.045
2001-08-12,0.043
2001-08-13,0.04
2001-08-14,0.039
2001-08-15,0.036
2001-08-16,0.036
2001-08-17,0.036
2001-08-18,0.036
2001-08-19,0.058
2001-08-20,0.042
2001-08-21,0.03
2001-08-22,0.027
2001-08-23,0.026
2001-08-24,0.025
2001-08-25,0.024
2001-08-26,0.024
2001-08-27,0.023
2001-08-28,0.022
2001-08-29,0.023
2001-08-30,0.024
2001-08-31,0.026
2001-09-01,0.027
2001-09-02,0.029
2001-09-03,0.056
2001-09-04,0.047
2001-09-05,0.04
2001-09-06,0.025
2001-09-07,0.026
2001-09-08,0.027
2001-09-09,0.027
2001-09-10,0.024
2001-09-11,0.023
2001-09-12,0.027
2001-09-13,0.035
2001-09-14,0.038
2001-09-15,0.03
2001-09-16,0.028
2001-09-17,0.023
2001-09-18,0.034
2001-09-19,0.039
2001-09-20,0.037
2001-09-21,0.035
2001-09-22,0.023
2001-09-23,0.032
2001-09-24,0.034
2001-09-25,0.025
2001-09-26,0.173
2001-09-27,0.094
2001-09-28,0.057
2001-09-29,0.061
2001-09-30,0.053
2001-10-01,0.109
2001-10-02,0.069
2001-10-03,0.133
2001-10-04,0.084
2001-10-05,0.059
2001-10-06,0.051
2001-10-07,0.081
2001-10-08,0.119
2001-10-09,0.1
2001-10-10,0.081
2001-10-11,0.062
2001-10-12,0.052
2001-10-13,0.039
2001-10-14,0.057
2001-10-15,0.104
2001-10-16,0.074
2001-10-17,0.053
2001-10-18,0.219
2001-10-19,0.127
2001-10-20,0.726
2001-10-21,0.203
2001-10-22,0.135
2001-10-23,0.119
2001-10-24,0.094
2001-10-25,0.115
2001-10-26,0.099
2001-10-27,0.162
2001-10-28,0.127
2001-10-29,0.104
2001-10-30,0.084
2001-10-31,0.065
2001-11-01,0.063
2001-11-02,0.06
2001-11-03,0.058
2001-11-04,0.056
2001-11-05,0.046
2001-11-06,0.043
2001-11-07,0.069
2001-11-08,0.1
2001-11-09,0.157
2001-11-10,0.109
2001-11-11,0.084
2001-11-12,0.077
2001-11-13,0.073
2001-11-14,0.06
2001-11-15,0.056
2001-11-16,0.053
2001-11-17,0.055
2001-11-18,0.058
2001-11-19,0.061
2001-11-20,0.063
2001-11-21,0.054
2001-11-22,0.056
2001-11-23,0.068
2001-11-24,0.069
2001-11-25,0.063
2001-11-26,0.16
2001-11-27,0.106
2001-11-28,0.083
2001-11-29,0.119
2001-11-30,0.449
2001-12-01,0.241
2001-12-02,0.215
2001-12-03,0.289
2001-12-04,0.218
2001-12-05,0.173
2001-12-06,0.164
2001-12-07,0.135
2001-12-08,0.125
2001-12-09,0.119
2001-12-10,0.11
2001-12-11,0.097
2001-12-12,0.114
2001-12-13,0.125
2001-12-14,0.097
2001-12-15,0.092
2001-12-16,0.089
2001-12-17,0.085
2001-12-18,0.082
2001-12-19,0.072
2001-12-20,0.064
2001-12-21,0.063
2001-12-22,0.066
2001-12-23,0.071
2001-12-24,0.069
2001-12-25,0.069
2001-12-26,0.08
2001-12-27,0.07
2001-12-28,0.078
2001-12-29,1.995
2001-12-30,1.259
2001-12-31,0.409
2002-01-01,0.246
2002-01-02,0.186
2002-01-03,0.162
2002-01-04,0.156
2002-01-05,0.154
2002-01-06,0.158
2002-01-07,0.157
2002-01-08,0.155
2002-01-09,0.141
2002-01-10,0.16
2002-01-11,0.173
2002-01-12,0.164
2002-01-13,0.128
2002-01-14,0.127
2002-01-15,0.892
2002-01-16,0.435
2002-01-17,0.301
2002-01-18,0.329
2002-01-19,0.399
2002-01-20,0.317
2002-01-21,0.28
2002-01-22,0.253
2002-01-23,0.222
2002-01-24,0.221
2002-01-25,0.175
2002-01-26,0.216
2002-01-27,1.621
2002-01-28,0.731
2002-01-29,0.417
2002-01-30,0.369
2002-01-31,0.27
2002-02-01,0.255
2002-02-02,0.226
2002-02-03,0.204
2002-02-04,0.206
2002-02-05,1.208
2002-02-06,0.728
2002-02-07,0.412
2002-02-08,0.432
2002-02-09,0.571
2002-02-10,0.516
2002-02-11,0.416
2002-02-12,0.346
2002-02-13,0.784
2002-02-14,1.313
2002-02-15,0.469
2002-02-16,0.315
2002-02-17,0.249
2002-02-18,0.222
2002-02-19,0.202
2002-02-20,0.745
2002-02-21,0.828
2002-02-22,0.468
2002-02-23,0.388
2002-02-24,0.347
2002-02-25,0.335
2002-02-26,0.842
2002-02-27,0.61
2002-02-28,0.447
2002-03-01,0.381
2002-03-02,2.41
2002-03-03,0.813
2002-03-04,0.46
2002-03-05,0.339
2002-03-06,0.279
2002-03-07,0.231
2002-03-08,0.202
2002-03-09,0.207
2002-03-10,0.191
2002-03-11,0.177
2002-03-12,0.164
2002-03-13,0.162
2002-03-14,0.24
2002-03-15,0.282
2002-03-16,0.322
2002-03-17,0.301
2002-03-18,1.901
2002-03-19,2.595
2002-03-20,0.912
2002-03-21,0.595
2002-03-22,0.518
2002-03-23,0.368
2002-03-24,0.285
2002-03-25,0.227
2002-03-26,0.205
2002-03-27,0.183
2002-03-28,0.162
2002-03-29,0.146
2002-03-30,0.131
2002-03-31,0.119
2002-04-01,0.115
2002-04-02,0.112
2002-04-03,0.109
2002-04-04,0.102
2002-04-05,0.096
2002-04-06,0.089
2002-04-07,0.082
2002-04-08,0.12
2002-04-09,0.085
2002-04-10,0.074
2002-04-11,0.075
2002-04-12,0.077
2002-04-13,0.074
2002-04-14,0.07
2002-04-15,0.067
2002-04-16,0.059
2002-04-17,0.065
2002-04-18,0.065
2002-04-19,0.08
2002-04-20,0.078
2002-04-21,0.068
2002-04-22,0.058
2002-04-23,0.052
2002-04-24,0.058
2002-04-25,0.049
2002-04-26,0.044
2002-04-27,0.045
2002-04-28,0.065
2002-04-29,0.052
2002-04-30,0.047
2002-05-01,0.061
2002-05-02,0.053
2002-05-03,0.053
2002-05-04,0.051
2002-05-05,0.049
2002-05-06,0.048
2002-05-07,0.046
2002-05-08,0.044
2002-05-09,0.049
2002-05-10,0.049
2002-05-11,0.048
2002-05-12,0.047
2002-05-13,0.069
2002-05-14,0.099
2002-05-15,0.052
2002-05-16,0.047
2002-05-17,0.046
2002-05-18,0.041
2002-05-19,0.034
2002-05-20,0.034
2002-05-21,0.062
2002-05-22,0.083
2002-05-23,0.061
2002-05-24,0.084
2002-05-25,0.088
2002-05-26,0.142
2002-05-27,0.121
2002-05-28,0.154
2002-05-29,0.11
2002-05-30,0.074
2002-05-31,0.058
2002-06-01,0.053
2002-06-02,0.049
2002-06-03,0.041
2002-06-04,0.036
2002-06-05,0.037
2002-06-06,0.037
2002-06-07,0.037
2002-06-08,0.067
2002-06-09,0.047
2002-06-10,0.046
2002-06-11,0.052
2002-06-12,0.05
2002-06-13,0.042
2002-06-14,0.041
2002-06-15,0.039
2002-06-16,0.035
2002-06-17,0.035
2002-06-18,0.034
2002-06-19,0.052
2002-06-20,0.16
2002-06-21,0.052
2002-06-22,0.038
2002-06-23,0.033
2002-06-24,0.028
2002-06-25,0.02
2002-06-26,0.018
2002-06-27,0.018
2002-06-28,0.03
2002-06-29,0.019
2002-06-30,0.02
2002-07-01,0.024
2002-07-02,0.04
2002-07-03,0.071
2002-07-04,0.046
2002-07-05,0.058
2002-07-06,0.123
2002-07-07,0.066
2002-07-08,0.057
2002-07-09,0.112
2002-07-10,0.076
2002-07-11,0.046
2002-07-12,0.035
2002-07-13,0.044
2002-07-14,0.035
2002-07-15,0.032
2002-07-16,0.025
2002-07-17,0.024
2002-07-18,0.02
2002-07-19,0.02
2002-07-20,0.017
2002-07-21,0.019
2002-07-22,0.027
2002-07-23,0.014
2002-07-24,0.01
2002-07-25,0.022
2002-07-26,0.029
2002-07-27,0.018
2002-07-28,0.016
2002-07-29,0.017
2002-07-30,0.018
2002-07-31,0.025
2002-08-01,0.021
2002-08-02,0.055
2002-08-03,0.047
2002-08-04,0.032
2002-08-05,0.045
2002-08-06,0.046
2002-08-07,0.02
2002-08-08,0.02
2002-08-09,0.033
2002-08-10,0.209
2002-08-11,0.077
2002-08-12,0.055
2002-08-13,0.039
2002-08-14,0.033
2002-08-15,0.024
2002-08-16,0.024
2002-08-17,0.021
2002-08-18,0.022
2002-08-19,0.019
2002-08-20,0.014
2002-08-21,0.013
2002-08-22,0.013
2002-08-23,0.013
2002-08-24,0.012
2002-08-25,0.011
2002-08-26,0.025
2002-08-27,0.063
2002-08-28,0.048
2002-08-29,0.034
2002-08-30,0.031
2002-08-31,0.019
2002-09-01,0.018
2002-09-02,0.017
2002-09-03,0.016
2002-09-04,0.015
2002-09-05,0.015
2002-09-06,0.015
2002-09-07,0.017
2002-09-08,0.045
2002-09-09,0.324
2002-09-10,0.127
2002-09-11,0.069
2002-09-12,0.051
2002-09-13,0.036
2002-09-14,0.035
2002-09-15,0.035
2002-09-16,0.03
2002-09-17,0.025
2002-09-18,0.024
2002-09-19,0.04
2002-09-20,0.036
2002-09-21,0.031
2002-09-22,0.032
2002-09-23,0.029
2002-09-24,0.028
2002-09-25,0.027
2002-09-26,0.025
2002-09-27,0.023
2002-09-28,0.017
2002-09-29,0.017
2002-09-30,0.019
2002-10-01,0.027
2002-10-02,0.025
2002-10-03,0.023
2002-10-04,0.024
2002-10-05,0.02
2002-10-06,0.019
2002-10-07,0.02
2002-10-08,0.02
2002-10-09,0.02
2002-10-10,0.089
2002-10-11,0.041
2002-10-12,0.036
2002-10-13,0.037
2002-10-14,0.039
2002-10-15,0.038
2002-10-16,0.2
2002-10-17,0.19
2002-10-18,0.091
2002-10-19,0.073
2002-10-20,0.063
2002-10-21,0.372
2002-10-22,0.798
2002-10-23,0.363
2002-10-24,0.945
2002-10-25,1.491
2002-10-26,0.453
2002-10-27,0.677
2002-10-28,0.3
2002-10-29,0.235
2002-10-30,0.245
2002-10-31,0.173
2002-11-01,0.135
2002-11-02,0.566
2002-11-03,1.355
2002-11-04,0.505
2002-11-05,0.365
2002-11-06,1.252
2002-11-07,1.991
2002-11-08,1.787
2002-11-09,3.164
2002-11-10,1.502
2002-11-11,1.689
2002-11-12,0.876
2002-11-13,1.706
2002-11-14,1.135
2002-11-15,0.674
2002-11-16,0.648
2002-11-17,0.426
2002-11-18,0.366
2002-11-19,0.318
2002-11-20,0.272
2002-11-21,0.544
2002-11-22,0.698
2002-11-23,0.638
2002-11-24,0.668
2002-11-25,0.518
2002-11-26,0.356
2002-11-27,0.297
2002-11-28,0.257
2002-11-29,0.853
2002-11-30,0.989
2002-12-01,2.099
2002-12-02,1.254
2002-12-03,0.936
2002-12-04,0.616
2002-12-05,0.607
2002-12-06,0.504
2002-12-07,0.434
2002-12-08,0.356
2002-12-09,0.287
2002-12-10,0.253
2002-12-11,0.209
2002-12-12,0.201
2002-12-13,0.257
2002-12-14,0.346
2002-12-15,1.856
2002-12-16,1.642
2002-12-17,1.065
2002-12-18,0.595
2002-12-19,0.436
2002-12-20,0.475
2002-12-21,0.704
2002-12-22,3.772
2002-12-23,1.424
2002-12-24,1.162
2002-12-25,1.138
2002-12-26,2.674
2002-12-27,3.125
2002-12-28,1.733
2002-12-29,1.567
2002-12-30,1.451
2002-12-31,1.468
2003-01-01,1.598
2003-01-02,3.125
2003-01-03,2.841
2003-01-04,1.691
2003-01-05,0.952
2003-01-06,0.612
2003-01-07,0.466
2003-01-08,0.404
2003-01-09,0.338
2003-01-10,0.243
2003-01-11,0.229
2003-01-12,0.219
2003-01-13,0.195
2003-01-14,0.2
2003-01-15,0.217
2003-01-16,0.231
2003-01-17,0.252
2003-01-18,0.339
2003-01-19,0.918
2003-01-20,1.118
2003-01-21,1.545
2003-01-22,1.008
2003-01-23,0.614
2003-01-24,0.441
2003-01-25,0.379
2003-01-26,0.341
2003-01-27,0.313
2003-01-28,0.311
2003-01-29,0.688
2003-01-30,1.048
2003-01-31,0.806
2003-02-01,1.2
2003-02-02,1.083
2003-02-03,1.866
2003-02-04,1.544
2003-02-05,0.958
2003-02-06,0.649
2003-02-07,0.579
2003-02-08,0.534
2003-02-09,0.48
2003-02-10,0.428
2003-02-11,0.44
2003-02-12,0.489
2003-02-13,0.415
2003-02-14,0.344
2003-02-15,0.306
2003-02-16,0.26
2003-02-17,0.179
2003-02-18,0.17
2003-02-19,0.162
2003-02-20,0.192
2003-02-21,0.205
2003-02-22,0.165
2003-02-23,0.16
2003-02-24,0.161
2003-02-25,0.166
2003-02-26,0.155
2003-02-27,0.147
2003-02-28,0.169
2003-03-01,0.858
2003-03-02,1.522
2003-03-03,0.85
2003-03-04,1.209
2003-03-05,0.74
2003-03-06,0.464
2003-03-07,0.389
2003-03-08,0.334
2003-03-09,0.285
2003-03-10,0.248
2003-03-11,0.228
2003-03-12,0.201
2003-03-13,0.164
2003-03-14,0.152
2003-03-15,0.135
2003-03-16,0.124
2003-03-17,0.114
2003-03-18,0.113
2003-03-19,0.113
2003-03-20,0.109
2003-03-21,0.104
2003-03-22,0.101
2003-03-23,0.097
2003-03-24,0.094
2003-03-25,0.09
2003-03-26,0.087
2003-03-27,0.087
2003-03-28,0.087
2003-03-29,0.116
2003-03-30,0.105
2003-03-31,0.09
2003-04-01,0.083
2003-04-02,0.086
2003-04-03,0.082
2003-04-04,0.072
2003-04-05,0.076
2003-04-06,0.073
2003-04-07,0.069
2003-04-08,0.067
2003-04-09,0.065
2003-04-10,0.065
2003-04-11,0.075
2003-04-12,0.09
2003-04-13,0.092
2003-04-14,0.083
2003-04-15,0.072
2003-04-16,0.078
2003-04-17,0.069
2003-04-18,0.081
2003-04-19,0.059
2003-04-20,0.059
2003-04-21,0.09
2003-04-22,0.052
2003-04-23,0.042
2003-04-24,0.04
2003-04-25,0.037
2003-04-26,0.122
2003-04-27,0.065
2003-04-28,0.082
2003-04-29,0.139
2003-04-30,0.079
2003-05-01,0.084
2003-05-02,0.072
2003-05-03,0.052
2003-05-04,0.048
2003-05-05,0.047
2003-05-06,0.044
2003-05-07,0.039
2003-05-08,0.035
2003-05-09,0.035
2003-05-10,0.035
2003-05-11,0.036
2003-05-12,0.037
2003-05-13,0.067
2003-05-14,0.043
2003-05-15,0.032
2003-05-16,0.028
2003-05-17,0.029
2003-05-18,0.093
2003-05-19,0.521
2003-05-20,0.188
2003-05-21,0.123
2003-05-22,0.105
2003-05-23,0.081
2003-05-24,0.101
2003-05-25,0.143
2003-05-26,0.091
2003-05-27,0.065
2003-05-28,0.056
2003-05-29,0.056
2003-05-30,0.049
2003-05-31,0.038
2003-06-01,0.037
2003-06-02,0.036
2003-06-03,0.042
2003-06-04,0.066
2003-06-05,0.046
2003-06-06,0.029
2003-06-07,0.027
2003-06-08,0.043
2003-06-09,0.028
2003-06-10,0.026
2003-06-11,0.027
2003-06-12,0.027
2003-06-13,0.027
2003-06-14,0.032
2003-06-15,0.043
2003-06-16,0.03
2003-06-17,0.028
2003-06-18,0.024
2003-06-19,0.021
2003-06-20,0.023
2003-06-21,0.022
2003-06-22,0.023
2003-06-23,0.023
2003-06-24,0.02
2003-06-25,0.118
2003-06-26,0.08
2003-06-27,0.041
2003-06-28,0.032
2003-06-29,0.031
2003-06-30,0.031
2003-07-01,0.05
2003-07-02,0.196
2003-07-03,0.075
2003-07-04,0.081
2003-07-05,0.046
2003-07-06,0.04
2003-07-07,0.03
2003-07-08,0.027
2003-07-09,0.025
2003-07-10,0.025
2003-07-11,0.025
2003-07-12,0.021
2003-07-13,0.021
2003-07-14,0.022
2003-07-15,0.031
2003-07-16,0.323
2003-07-17,0.11
2003-07-18,0.067
2003-07-19,0.053
2003-07-20,0.048
2003-07-21,0.04
2003-07-22,0.028
2003-07-23,0.023
2003-07-24,0.027
2003-07-25,0.041
2003-07-26,0.222
2003-07-27,0.183
2003-07-28,0.084
2003-07-29,0.059
2003-07-30,0.047
2003-07-31,0.044
2003-08-01,0.035
2003-08-02,0.039
2003-08-03,0.03
2003-08-04,0.023
2003-08-05,0.022
2003-08-06,0.021
2003-08-07,0.021
2003-08-08,0.019
2003-08-09,0.017
2003-08-10,0.02
2003-08-11,0.02
2003-08-12,0.018
2003-08-13,0.017
2003-08-14,0.018
2003-08-15,0.02
2003-08-16,0.021
2003-08-17,0.021
2003-08-18,0.02
2003-08-19,0.016
2003-08-20,0.015
2003-08-21,0.015
2003-08-22,0.013
2003-08-23,0.016
2003-08-24,0.016
2003-08-25,0.018
2003-08-26,0.014
2003-08-27,0.012
2003-08-28,0.012
2003-08-29,0.015
2003-08-30,0.018
2003-08-31,0.029
2003-09-01,0.017
2003-09-02,0.016
2003-09-03,0.015
2003-09-04,0.015
2003-09-05,0.014
2003-09-06,0.015
2003-09-07,0.018
2003-09-08,0.027
2003-09-09,0.038
2003-09-10,0.021
2003-09-11,0.02
2003-09-12,0.019
2003-09-13,0.018
2003-09-14,0.017
2003-09-15,0.015
2003-09-16,0.013
2003-09-17,0.011
2003-09-18,0.012
2003-09-19,0.013
2003-09-20,0.014
2003-09-21,0.014
2003-09-22,0.015
2003-09-23,0.028
2003-09-24,0.021
2003-09-25,0.017
2003-09-26,0.016
2003-09-27,0.017
2003-09-28,0.018
2003-09-29,0.016
2003-09-30,0.012
2003-10-01,0.038
2003-10-02,0.039
2003-10-03,0.055
2003-10-04,0.04
2003-10-05,0.039
2003-10-06,0.029
2003-10-07,0.03
2003-10-08,0.036
2003-10-09,0.03
2003-10-10,0.026
2003-10-11,0.024
2003-10-12,0.024
2003-10-13,0.024
2003-10-14,0.023
2003-10-15,0.02
2003-10-16,0.017
2003-10-17,0.018
2003-10-18,0.021
2003-10-19,0.032
2003-10-20,0.041
2003-10-21,0.025
2003-10-22,0.037
2003-10-23,0.077
2003-10-24,0.066
2003-10-25,0.05
2003-10-26,0.037
2003-10-27,0.029
2003-10-28,0.024
2003-10-29,0.022
2003-10-30,0.05
2003-10-31,0.074
2003-11-01,0.034
2003-11-02,0.06
2003-11-03,0.12
2003-11-04,0.048
2003-11-05,0.033
2003-11-06,0.029
2003-11-07,0.022
2003-11-08,0.018
2003-11-09,0.028
2003-11-10,0.03
2003-11-11,0.03
2003-11-12,0.036
2003-11-13,0.026
2003-11-14,0.044
2003-11-15,0.038
2003-11-16,0.169
2003-11-17,0.089
2003-11-18,0.069
2003-11-19,0.064
2003-11-20,0.062
2003-11-21,0.064
2003-11-22,0.069
2003-11-23,0.087
2003-11-24,0.121
2003-11-25,0.116
2003-11-26,0.309
2003-11-27,0.247
2003-11-28,0.15
2003-11-29,0.147
2003-11-30,0.193
2003-12-01,0.505
2003-12-02,0.243
2003-12-03,0.16
2003-12-04,0.13
2003-12-05,0.11
2003-12-06,0.091
2003-12-07,0.075
2003-12-08,0.064
2003-12-09,0.062
2003-12-10,0.062
2003-12-11,0.07
2003-12-12,0.09
2003-12-13,0.088
2003-12-14,0.133
2003-12-15,0.108
2003-12-16,0.083
2003-12-17,0.076
2003-12-18,0.071
2003-12-19,0.069
2003-12-20,0.093
2003-12-21,0.154
2003-12-22,0.4
2003-12-23,0.22
2003-12-24,0.294
2003-12-25,0.247
2003-12-26,0.219
2003-12-27,0.641
2003-12-28,2.714
2003-12-29,1.765
2003-12-30,1.25
2003-12-31,0.585
2004-01-01,0.754
2004-01-02,0.891
2004-01-03,0.549
2004-01-04,0.435
2004-01-05,0.345
2004-01-06,0.331
2004-01-07,0.3
2004-01-08,1.266
2004-01-09,1.074
2004-01-10,0.871
2004-01-11,1.006
2004-01-12,2.222
2004-01-13,4.225
2004-01-14,3.1
2004-01-15,1.483
2004-01-16,1.162
2004-01-17,1.338
2004-01-18,0.904
2004-01-19,0.597
2004-01-20,0.509
2004-01-21,0.437
2004-01-22,0.555
2004-01-23,0.889
2004-01-24,0.916
2004-01-25,0.594
2004-01-26,3.613
2004-01-27,1.608
2004-01-28,1.078
2004-01-29,0.889
2004-01-30,0.627
2004-01-31,0.641
2004-02-01,0.587
2004-02-02,0.44
2004-02-03,0.348
2004-02-04,0.288
2004-02-05,0.254
2004-02-06,0.237
2004-02-07,0.215
2004-02-08,0.19
2004-02-09,0.172
2004-02-10,0.164
2004-02-11,0.166
2004-02-12,0.168
2004-02-13,0.161
2004-02-14,0.151
2004-02-15,0.131
2004-02-16,0.127
2004-02-17,0.121
2004-02-18,0.115
2004-02-19,0.11
2004-02-20,0.105
2004-02-21,0.1
2004-02-22,0.095
2004-02-23,0.088
2004-02-24,0.079
2004-02-25,0.084
2004-02-26,0.084
2004-02-27,0.095
2004-02-28,0.093
2004-02-29,0.096
2004-03-01,0.092
2004-03-02,0.081
2004-03-03,0.085
2004-03-04,0.383
2004-03-05,0.425
2004-03-06,0.244
2004-03-07,0.195
2004-03-08,0.173
2004-03-09,0.144
2004-03-10,0.129
2004-03-11,0.123
2004-03-12,0.167
2004-03-13,0.162
2004-03-14,0.132
2004-03-15,0.138
2004-03-16,0.133
2004-03-17,0.125
2004-03-18,0.111
2004-03-19,0.113
2004-03-20,0.132
2004-03-21,0.161
2004-03-22,0.455
2004-03-23,0.476
2004-03-24,0.419
2004-03-25,0.27
2004-03-26,0.22
2004-03-27,0.189
2004-03-28,0.156
2004-03-29,0.14
2004-03-30,0.121
2004-03-31,0.119
2004-04-01,0.126
2004-04-02,0.141
2004-04-03,0.114
2004-04-04,0.132
2004-04-05,0.108
2004-04-06,0.112
2004-04-07,0.127
2004-04-08,0.099
2004-04-09,0.099
2004-04-10,0.09
2004-04-11,0.078
2004-04-12,0.068
2004-04-13,0.064
2004-04-14,0.062
2004-04-15,0.06
2004-04-16,0.057
2004-04-17,0.055
2004-04-18,0.186
2004-04-19,0.12
2004-04-20,0.117
2004-04-21,0.099
2004-04-22,0.078
2004-04-23,0.061
2004-04-24,0.055
2004-04-25,0.051
2004-04-26,0.047
2004-04-27,0.059
2004-04-28,0.061
2004-04-29,0.077
2004-04-30,0.101
2004-05-01,0.084
2004-05-02,0.066
2004-05-03,0.056
2004-05-04,0.069
2004-05-05,0.132
2004-05-06,0.107
2004-05-07,0.334
2004-05-08,0.185
2004-05-09,0.123
2004-05-10,0.095
2004-05-11,0.088
2004-05-12,0.075
2004-05-13,0.061
2004-05-14,0.061
2004-05-15,0.054
2004-05-16,0.045
2004-05-17,0.037
2004-05-18,0.032
2004-05-19,0.032
2004-05-20,0.031
2004-05-21,0.031
2004-05-22,0.03
2004-05-23,0.029
2004-05-24,0.027
2004-05-25,0.019
2004-05-26,0.031
2004-05-27,0.037
2004-05-28,0.022
2004-05-29,0.019
2004-05-30,0.024
2004-05-31,0.022
2004-06-01,0.077
2004-06-02,0.044
2004-06-03,0.023
2004-06-04,0.021
2004-06-05,0.022
2004-06-06,0.021
2004-06-07,0.023
2004-06-08,0.016
2004-06-09,0.016
2004-06-10,0.017
2004-06-11,0.017
2004-06-12,0.017
2004-06-13,0.018
2004-06-14,0.018
2004-06-15,0.017
2004-06-16,0.018
2004-06-17,0.019
2004-06-18,0.02
2004-06-19,0.02
2004-06-20,0.021
2004-06-21,0.021
2004-06-22,0.033
2004-06-23,0.035
2004-06-24,0.019
2004-06-25,0.017
2004-06-26,0.016
2004-06-27,0.017
2004-06-28,0.016
2004-06-29,0.014
2004-06-30,0.013
2004-07-01,0.012
2004-07-02,0.017
2004-07-03,0.013
2004-07-04,0.016
2004-07-05,0.021
2004-07-06,0.013
2004-07-07,0.035
2004-07-08,0.073
2004-07-09,0.075
2004-07-10,0.066
2004-07-11,0.04
2004-07-12,0.035
2004-07-13,0.026
2004-07-14,0.018
2004-07-15,0.015
2004-07-16,0.018
2004-07-17,0.018
2004-07-18,0.02
2004-07-19,0.019
2004-07-20,0.034
2004-07-21,0.019
2004-07-22,0.021
2004-07-23,0.034
2004-07-24,0.024
2004-07-25,0.021
2004-07-26,0.019
2004-07-27,0.017
2004-07-28,0.017
2004-07-29,0.017
2004-07-30,0.017
2004-07-31,0.017
2004-08-01,0.017
2004-08-02,0.017
2004-08-03,0.017
2004-08-04,0.018
2004-08-05,0.018
2004-08-06,0.018
2004-08-07,0.018
2004-08-08,0.018
2004-08-09,0.018
2004-08-10,0.018
2004-08-11,0.018
2004-08-12,0.018
2004-08-13,0.019
2004-08-14,0.019
2004-08-15,0.019
2004-08-16,0.019
2004-08-17,0.019
2004-08-18,0.019
2004-08-19,0.019
2004-08-20,0.019
2004-08-21,0.019
2004-08-22,0.02
2004-08-23,0.02
2004-08-24,0.02
2004-08-25,0.032
2004-08-26,0.026
2004-08-27,0.02
2004-08-28,0.028
2004-08-29,0.023
2004-08-30,0.024
2004-08-31,0.018
2004-09-01,0.014
2004-09-02,0.014
2004-09-03,0.016
2004-09-04,0.015
2004-09-05,0.015
2004-09-06,0.014
2004-09-07,0.011
2004-09-08,0.007
2004-09-09,0.009
2004-09-10,0.063
2004-09-11,0.077
2004-09-12,0.043
2004-09-13,0.098
2004-09-14,0.092
2004-09-15,0.056
2004-09-16,0.034
2004-09-17,0.025
2004-09-18,0.024
2004-09-19,0.022
2004-09-20,0.021
2004-09-21,0.019
2004-09-22,0.019
2004-09-23,0.021
2004-09-24,0.022
2004-09-25,0.021
2004-09-26,0.022
2004-09-27,0.021
2004-09-28,0.021
2004-09-29,0.02
2004-09-30,0.02
2004-10-01,0.02
2004-10-02,0.02
2004-10-03,0.02
2004-10-04,0.021
2004-10-05,0.021
2004-10-06,0.019
2004-10-07,0.014
2004-10-08,0.016
2004-10-09,0.257
2004-10-10,0.087
2004-10-11,0.132
2004-10-12,0.178
2004-10-13,0.245
2004-10-14,0.167
2004-10-15,0.102
2004-10-16,0.081
2004-10-17,0.063
2004-10-18,0.047
2004-10-19,0.037
2004-10-20,0.099
2004-10-21,0.095
2004-10-22,0.062
2004-10-23,0.045
2004-10-24,0.041
2004-10-25,0.037
2004-10-26,0.035
2004-10-27,0.042
2004-10-28,0.064
2004-10-29,0.091
2004-10-30,0.075
2004-10-31,0.057
2004-11-01,0.045
2004-11-02,0.057
2004-11-03,0.044
2004-11-04,0.037
2004-11-05,0.031
2004-11-06,0.03
2004-11-07,0.033
2004-11-08,0.035
2004-11-09,0.036
2004-11-10,0.099
2004-11-11,0.064
2004-11-12,0.053
2004-11-13,0.049
2004-11-14,0.045
2004-11-15,0.041
2004-11-16,0.041
2004-11-17,0.041
2004-11-18,0.041
2004-11-19,0.049
2004-11-20,0.045
2004-11-21,0.042
2004-11-22,0.04
2004-11-23,0.037
2004-11-24,0.035
2004-11-25,0.034
2004-11-26,0.039
2004-11-27,0.046
2004-11-28,0.136
2004-11-29,0.14
2004-11-30,0.096
2004-12-01,0.083
2004-12-02,0.069
2004-12-03,0.056
2004-12-04,0.044
2004-12-05,0.039
2004-12-06,0.043
2004-12-07,0.046
2004-12-08,0.037
2004-12-09,0.029
2004-12-10,0.031
2004-12-11,0.035
2004-12-12,0.036
2004-12-13,0.029
2004-12-14,0.023
2004-12-15,0.026
2004-12-16,0.03
2004-12-17,0.085
2004-12-18,0.103
2004-12-19,0.19
2004-12-20,0.155
2004-12-21,0.107
2004-12-22,0.14
2004-12-23,0.311
2004-12-24,0.228
2004-12-25,0.763
2004-12-26,0.311
2004-12-27,0.203
2004-12-28,0.319
2004-12-29,0.224
2004-12-30,0.178
2004-12-31,0.174
2005-01-01,0.178
2005-01-02,0.174
2005-01-03,0.152
2005-01-04,0.135
2005-01-05,0.164
2005-01-06,0.19
2005-01-07,0.172
2005-01-08,0.176
2005-01-09,0.161
2005-01-10,0.154
2005-01-11,0.168
2005-01-12,0.198
2005-01-13,0.163
2005-01-14,0.139
2005-01-15,0.136
2005-01-16,0.122
2005-01-17,0.119
2005-01-18,0.381
2005-01-19,0.403
2005-01-20,0.432
2005-01-21,0.487
2005-01-22,1.203
2005-01-23,2.417
2005-01-24,0.788
2005-01-25,0.502
2005-01-26,0.395
2005-01-27,0.312
2005-01-28,0.283
2005-01-29,0.257
2005-01-30,0.213
2005-01-31,0.199
2005-02-01,0.186
2005-02-02,0.176
2005-02-03,0.166
2005-02-04,0.135
2005-02-05,0.128
2005-02-06,0.135
2005-02-07,0.112
2005-02-08,0.1
2005-02-09,0.1
2005-02-10,0.1
2005-02-11,0.235
2005-02-12,0.373
2005-02-13,0.502
2005-02-14,0.402
2005-02-15,0.257
2005-02-16,0.204
2005-02-17,0.182
2005-02-18,0.16
2005-02-19,0.151
2005-02-20,0.15
2005-02-21,0.139
2005-02-22,0.125
2005-02-23,0.112
2005-02-24,0.097
2005-02-25,0.095
2005-02-26,0.104
2005-02-27,0.09
2005-02-28,0.079
2005-03-01,0.079
2005-03-02,0.087
2005-03-03,0.112
2005-03-04,0.099
2005-03-05,0.119
2005-03-06,0.096
2005-03-07,0.081
2005-03-08,0.081
2005-03-09,0.079
2005-03-10,0.078
2005-03-11,0.085
2005-03-12,0.078
2005-03-13,0.076
2005-03-14,0.07
2005-03-15,0.069
2005-03-16,0.054
2005-03-17,0.054
2005-03-18,0.054
2005-03-19,0.053
2005-03-20,0.053
2005-03-21,0.053
2005-03-22,0.056
2005-03-23,0.056
2005-03-24,0.102
2005-03-25,0.086
2005-03-26,0.075
2005-03-27,0.071
2005-03-28,0.103
2005-03-29,0.108
2005-03-30,0.126
2005-03-31,0.109
2005-04-01,0.089
2005-04-02,0.087
2005-04-03,0.086
2005-04-04,0.077
2005-04-05,0.068
2005-04-06,0.062
2005-04-07,0.06
2005-04-08,0.097
2005-04-09,0.084
2005-04-10,0.071
2005-04-11,0.059
2005-04-12,0.051
2005-04-13,0.052
2005-04-14,0.196
2005-04-15,0.186
2005-04-16,0.141
2005-04-17,0.112
2005-04-18,0.108
2005-04-19,0.144
2005-04-20,0.185
2005-04-21,0.113
2005-04-22,0.1
2005-04-23,0.141
2005-04-24,0.326
2005-04-25,0.246
2005-04-26,0.176
2005-04-27,0.141
2005-04-28,0.113
2005-04-29,0.103
2005-04-30,0.091
2005-05-01,0.074
2005-05-02,0.147
2005-05-03,0.096
2005-05-04,0.137
2005-05-05,0.105
2005-05-06,0.084
2005-05-07,0.065
2005-05-08,0.053
2005-05-09,0.043
2005-05-10,0.037
2005-05-11,0.034
2005-05-12,0.035
2005-05-13,0.048
2005-05-14,0.905
2005-05-15,1.001
2005-05-16,0.364
2005-05-17,0.211
2005-05-18,0.137
2005-05-19,0.112
2005-05-20,0.099
2005-05-21,0.086
2005-05-22,0.116
2005-05-23,0.106
2005-05-24,0.078
2005-05-25,0.075
2005-05-26,0.059
2005-05-27,0.046
2005-05-28,0.044
2005-05-29,0.05
2005-05-30,0.09
2005-05-31,0.047
2005-06-01,0.048
2005-06-02,0.049
2005-06-03,0.05
2005-06-04,0.04
2005-06-05,0.033
2005-06-06,0.038
2005-06-07,0.039
2005-06-08,0.027
2005-06-09,0.026
2005-06-10,0.024
2005-06-11,0.023
2005-06-12,0.022
2005-06-13,0.028
2005-06-14,0.021
2005-06-15,0.031
2005-06-16,0.033
2005-06-17,0.033
2005-06-18,0.028
2005-06-19,0.024
2005-06-20,0.02
2005-06-21,0.016
2005-06-22,0.015
2005-06-23,0.011
2005-06-24,0.01
2005-06-25,0.011
2005-06-26,0.027
2005-06-27,0.017
2005-06-28,0.01
2005-06-29,0.014
2005-06-30,0.022
2005-07-01,0.036
2005-07-02,0.022
2005-07-03,0.019
2005-07-04,0.019
2005-07-05,0.039
2005-07-06,0.049
2005-07-07,0.024
2005-07-08,0.019
2005-07-09,0.015
2005-07-10,0.015
2005-07-11,0.015
2005-07-12,0.013
2005-07-13,0.015
2005-07-14,0.014
2005-07-15,0.016
2005-07-16,0.017
2005-07-17,0.016
2005-07-18,0.019
2005-07-19,0.021
2005-07-20,0.018
2005-07-21,0.016
2005-07-22,0.015
2005-07-23,0.015
2005-07-24,0.039
2005-07-25,0.025
2005-07-26,0.026
2005-07-27,0.044
2005-07-28,0.037
2005-07-29,0.024
2005-07-30,0.018
2005-07-31,0.016
2005-08-01,0.018
2005-08-02,0.015
2005-08-03,0.013
2005-08-04,0.014
2005-08-05,0.015
2005-08-06,0.014
2005-08-07,0.017
2005-08-08,0.019
2005-08-09,0.013
2005-08-10,0.011
2005-08-11,0.009
2005-08-12,0.007
2005-08-13,0.009
2005-08-14,0.012
2005-08-15,0.013
2005-08-16,0.013
2005-08-17,0.008
2005-08-18,0.008
2005-08-19,0.008
2005-08-20,0.009
2005-08-21,0.022
2005-08-22,0.015
2005-08-23,0.031
2005-08-24,0.016
2005-08-25,0.145
2005-08-26,0.047
2005-08-27,0.022
2005-08-28,0.017
2005-08-29,0.018
2005-08-30,0.014
2005-08-31,0.009
2005-09-01,0.01
2005-09-02,0.012
2005-09-03,0.013
2005-09-04,0.013
2005-09-05,0.014
2005-09-06,0.012
2005-09-07,0.011
2005-09-08,0.01
2005-09-09,0.012
2005-09-10,0.012
2005-09-11,0.015
2005-09-12,0.013
2005-09-13,0.013
2005-09-14,0.013
2005-09-15,0.013
2005-09-16,0.011
2005-09-17,0.01
2005-09-18,0.013
2005-09-19,0.016
2005-09-20,0.011
2005-09-21,0.009
2005-09-22,0.009
2005-09-23,0.01
2005-09-24,0.011
2005-09-25,0.028
2005-09-26,0.017
2005-09-27,0.014
2005-09-28,0.02
2005-09-29,0.017
2005-09-30,0.014
2005-10-01,0.029
2005-10-02,0.041
2005-10-03,0.02
2005-10-04,0.015
2005-10-05,0.012
2005-10-06,0.014
2005-10-07,0.016
2005-10-08,0.019
2005-10-09,0.019
2005-10-10,0.019
2005-10-11,0.016
2005-10-12,0.065
2005-10-13,0.089
2005-10-14,0.037
2005-10-15,0.026
2005-10-16,0.023
2005-10-17,0.02
2005-10-18,0.203
2005-10-19,0.192
2005-10-20,0.073
2005-10-21,0.069
2005-10-22,0.142
2005-10-23,0.142
2005-10-24,0.067
2005-10-25,0.049
2005-10-26,0.046
2005-10-27,0.033
2005-10-28,0.054
2005-10-29,0.085
2005-10-30,0.057
2005-10-31,0.141
2005-11-01,0.093
2005-11-02,0.153
2005-11-03,0.152
2005-11-04,0.086
2005-11-05,0.062
2005-11-06,0.047
2005-11-07,0.19
2005-11-08,0.093
2005-11-09,0.083
2005-11-10,0.057
2005-11-11,0.06
2005-11-12,0.162
2005-11-13,0.134
2005-11-14,0.081
2005-11-15,0.067
2005-11-16,0.061
2005-11-17,0.052
2005-11-18,0.044
2005-11-19,0.037
2005-11-20,0.03
2005-11-21,0.027
2005-11-22,0.026
2005-11-23,0.025
2005-11-24,0.024
2005-11-25,0.084
2005-11-26,0.117
2005-11-27,0.105
2005-11-28,0.25
2005-11-29,0.446
2005-11-30,0.17
2005-12-01,0.127
2005-12-02,0.255
2005-12-03,0.272
2005-12-04,0.343
2005-12-05,0.284
2005-12-06,0.253
2005-12-07,0.396
2005-12-08,0.733
2005-12-09,0.384
2005-12-10,0.276
2005-12-11,0.219
2005-12-12,0.191
2005-12-13,0.155
2005-12-14,0.149
2005-12-15,0.13
2005-12-16,0.121
2005-12-17,0.118
2005-12-18,0.1
2005-12-19,0.096
2005-12-20,0.092
2005-12-21,0.089
2005-12-22,0.086
2005-12-23,0.083
2005-12-24,0.08
2005-12-25,0.077
2005-12-26,0.074
2005-12-27,0.071
2005-12-28,0.068
2005-12-29,0.053
2005-12-30,0.11
2005-12-31,0.214
2006-01-01,0.813
2006-01-02,0.498
2006-01-03,0.331
2006-01-04,0.27
2006-01-05,0.258
2006-01-06,0.232
2006-01-07,0.16
2006-01-08,0.172
2006-01-09,0.169
2006-01-10,0.156
2006-01-11,0.145
2006-01-12,0.175
2006-01-13,0.163
2006-01-14,0.151
2006-01-15,0.141
2006-01-16,0.13
2006-01-17,0.543
2006-01-18,0.451
2006-01-19,0.333
2006-01-20,0.28
2006-01-21,0.305
2006-01-22,0.225
2006-01-23,0.213
2006-01-24,0.192
2006-01-25,0.17
2006-01-26,0.15
2006-01-27,0.132
2006-01-28,0.122
2006-01-29,0.169
2006-01-30,0.184
2006-01-31,0.149
2006-02-01,0.141
2006-02-02,0.134
2006-02-03,0.139
2006-02-04,0.106
2006-02-05,0.101
2006-02-06,0.103
2006-02-07,0.104
2006-02-08,0.106
2006-02-09,0.107
2006-02-10,0.106
2006-02-11,0.098
2006-02-12,0.089
2006-02-13,0.081
2006-02-14,0.082
2006-02-15,0.583
2006-02-16,1.116
2006-02-17,0.635
2006-02-18,1.334
2006-02-19,2.162
2006-02-20,2.829
2006-02-21,1.26
2006-02-22,0.673
2006-02-23,0.498
2006-02-24,0.393
2006-02-25,0.329
2006-02-26,0.268
2006-02-27,0.213
2006-02-28,0.206
2006-03-01,0.192
2006-03-02,0.199
2006-03-03,0.458
2006-03-04,0.448
2006-03-05,0.523
2006-03-06,0.482
2006-03-07,1.047
2006-03-08,1.873
2006-03-09,1.119
2006-03-10,0.739
2006-03-11,0.454
2006-03-12,0.367
2006-03-13,0.356
2006-03-14,0.267
2006-03-15,0.237
2006-03-16,0.218
2006-03-17,0.2
2006-03-18,0.182
2006-03-19,0.164
2006-03-20,0.156
2006-03-21,0.156
2006-03-22,0.206
2006-03-23,0.175
2006-03-24,0.856
2006-03-25,0.937
2006-03-26,3.616
2006-03-27,1.184
2006-03-28,0.716
2006-03-29,0.717
2006-03-30,1.359
2006-03-31,1.442
2006-04-01,0.982
2006-04-02,1.127
2006-04-03,0.75
2006-04-04,0.451
2006-04-05,0.449
2006-04-06,0.356
2006-04-07,0.302
2006-04-08,0.264
2006-04-09,0.239
2006-04-10,0.218
2006-04-11,0.198
2006-04-12,0.177
2006-04-13,0.157
2006-04-14,0.139
2006-04-15,0.274
2006-04-16,0.287
2006-04-17,0.23
2006-04-18,0.204
2006-04-19,0.178
2006-04-20,0.153
2006-04-21,0.131
2006-04-22,0.112
2006-04-23,0.095
2006-04-24,0.148
2006-04-25,0.109
2006-04-26,0.088
2006-04-27,0.076
2006-04-28,0.071
2006-04-29,0.068
2006-04-30,0.065
2006-05-01,0.07
2006-05-02,0.078
2006-05-03,0.062
2006-05-04,0.049
2006-05-05,0.046
2006-05-06,0.098
2006-05-07,0.127
2006-05-08,0.096
2006-05-09,0.113
2006-05-10,0.075
2006-05-11,0.067
2006-05-12,0.068
2006-05-13,0.061
2006-05-14,0.047
2006-05-15,0.051
2006-05-16,0.058
2006-05-17,0.053
2006-05-18,0.044
2006-05-19,0.041
2006-05-20,0.144
2006-05-21,0.074
2006-05-22,0.08
2006-05-23,0.057
2006-05-24,0.047
2006-05-25,0.044
2006-05-26,0.04
2006-05-27,0.042
2006-05-28,0.039
2006-05-29,0.035
2006-05-30,0.031
2006-05-31,0.032
2006-06-01,0.024
2006-06-02,0.028
2006-06-03,0.026
2006-06-04,0.025
2006-06-05,0.026
2006-06-06,0.025
2006-06-07,0.018
2006-06-08,0.018
2006-06-09,0.016
2006-06-10,0.016
2006-06-11,0.019
2006-06-12,0.022
2006-06-13,0.016
2006-06-14,0.014
2006-06-15,0.032
2006-06-16,0.019
2006-06-17,0.019
2006-06-18,0.022
2006-06-19,0.02
2006-06-20,0.014
2006-06-21,0.015
2006-06-22,0.018
2006-06-23,0.016
2006-06-24,0.014
2006-06-25,0.016
2006-06-26,0.024
2006-06-27,0.018
2006-06-28,0.014
2006-06-29,0.014
2006-06-30,0.015
2006-07-01,0.013
2006-07-02,0.017
2006-07-03,0.016
2006-07-04,0.014
2006-07-05,0.029
2006-07-06,0.019
2006-07-07,0.015
2006-07-08,0.016
2006-07-09,0.02
2006-07-10,0.017
2006-07-11,0.015
2006-07-12,0.012
2006-07-13,0.012
2006-07-14,0.014
2006-07-15,0.014
2006-07-16,0.013
2006-07-17,0.014
2006-07-18,0.008
2006-07-19,0.006
2006-07-20,0.069
2006-07-21,0.018
2006-07-22,0.028
2006-07-23,0.019
2006-07-24,0.016
2006-07-25,0.015
2006-07-26,0.015
2006-07-27,0.014
2006-07-28,0.013
2006-07-29,0.01
2006-07-30,0.013
2006-07-31,0.022
2006-08-01,0.015
2006-08-02,0.014
2006-08-03,0.015
2006-08-04,0.045
2006-08-05,0.025
2006-08-06,0.031
2006-08-07,0.03
2006-08-08,0.021
2006-08-09,0.017
2006-08-10,0.015
2006-08-11,0.015
2006-08-12,0.03
2006-08-13,0.027
2006-08-14,0.036
2006-08-15,0.031
2006-08-16,0.027
2006-08-17,0.073
2006-08-18,0.042
2006-08-19,0.052
2006-08-20,0.064
2006-08-21,0.036
2006-08-22,0.027
2006-08-23,0.016
2006-08-24,0.07
2006-08-25,0.038
2006-08-26,0.033
2006-08-27,0.043
2006-08-28,0.028
2006-08-29,0.027
2006-08-30,0.024
2006-08-31,0.03
2006-09-01,0.028
2006-09-02,0.024
2006-09-03,0.022
2006-09-04,0.022
2006-09-05,0.02
2006-09-06,0.017
2006-09-07,0.014
2006-09-08,0.012
2006-09-09,0.011
2006-09-10,0.016
2006-09-11,0.015
2006-09-12,0.022
2006-09-13,0.041
2006-09-14,0.162
2006-09-15,0.267
2006-09-16,0.139
2006-09-17,0.078
2006-09-18,0.064
2006-09-19,0.051
2006-09-20,0.035
2006-09-21,0.023
2006-09-22,0.171
2006-09-23,0.1
2006-09-24,0.093
2006-09-25,0.067
2006-09-26,0.041
2006-09-27,0.033
2006-09-28,0.026
2006-09-29,0.126
2006-09-30,0.078
2006-10-01,0.072
2006-10-02,0.058
2006-10-03,0.043
2006-10-04,0.032
2006-10-05,0.031
2006-10-06,0.04
2006-10-07,0.093
2006-10-08,0.046
2006-10-09,0.043
2006-10-10,0.081
2006-10-11,0.112
2006-10-12,0.258
2006-10-13,0.099
2006-10-14,0.083
2006-10-15,0.068
2006-10-16,0.054
2006-10-17,0.053
2006-10-18,0.072
2006-10-19,0.079
2006-10-20,0.131
2006-10-21,0.119
2006-10-22,0.117
2006-10-23,0.721
2006-10-24,1.485
2006-10-25,0.357
2006-10-26,0.205
2006-10-27,0.169
2006-10-28,0.141
2006-10-29,0.132
2006-10-30,0.114
2006-10-31,0.085
2006-11-01,0.076
2006-11-02,0.071
2006-11-03,0.057
2006-11-04,0.058
2006-11-05,0.05
2006-11-06,0.043
2006-11-07,0.044
2006-11-08,0.046
2006-11-09,0.04
2006-11-10,0.044
2006-11-11,0.051
2006-11-12,0.049
2006-11-13,0.041
2006-11-14,0.039
2006-11-15,0.039
2006-11-16,0.06
2006-11-17,0.086
2006-11-18,0.113
2006-11-19,0.126
2006-11-20,0.637
2006-11-21,0.76
2006-11-22,0.335
2006-11-23,0.895
2006-11-24,0.853
2006-11-25,3.105
2006-11-26,1.251
2006-11-27,0.653
2006-11-28,0.895
2006-11-29,0.863
2006-11-30,0.476
2006-12-01,0.371
2006-12-02,0.888
2006-12-03,1.322
2006-12-04,1.998
2006-12-05,1.195
2006-12-06,0.76
2006-12-07,1.628
2006-12-08,3.239
2006-12-09,1.733
2006-12-10,0.968
2006-12-11,0.656
2006-12-12,2.337
2006-12-13,0.997
2006-12-14,0.591
2006-12-15,0.44
2006-12-16,0.604
2006-12-17,0.553
2006-12-18,0.453
2006-12-19,0.389
2006-12-20,0.323
2006-12-21,0.263
2006-12-22,0.238
2006-12-23,0.223
2006-12-24,0.207
2006-12-25,0.194
2006-12-26,0.187
2006-12-27,0.18
2006-12-28,0.173
2006-12-29,0.167
2006-12-30,1.363
2006-12-31,1.364
2007-01-01,1.603
2007-01-02,1.035
2007-01-03,0.798
2007-01-04,0.945
2007-01-05,0.645
2007-01-06,1.083
2007-01-07,0.68
2007-01-08,0.853
2007-01-09,0.85
2007-01-10,0.592
2007-01-11,0.493
2007-01-12,0.406
2007-01-13,0.379
2007-01-14,0.343
2007-01-15,0.31
2007-01-16,0.303
2007-01-17,0.864
2007-01-18,2.261
2007-01-19,1.223
2007-01-20,0.826
2007-01-21,0.63
2007-01-22,0.424
2007-01-23,0.337
2007-01-24,0.288
2007-01-25,0.262
2007-01-26,0.248
2007-01-27,0.262
2007-01-28,0.271
2007-01-29,0.264
2007-01-30,0.239
2007-01-31,0.218
2007-02-01,0.202
2007-02-02,0.193
2007-02-03,0.188
2007-02-04,0.18
2007-02-05,0.175
2007-02-06,0.182
2007-02-07,0.217
2007-02-08,0.718
2007-02-09,0.383
2007-02-10,0.79
2007-02-11,1.238
2007-02-12,1.112
2007-02-13,0.584
2007-02-14,2.721
2007-02-15,1.206
2007-02-16,0.75
2007-02-17,0.517
2007-02-18,0.407
2007-02-19,0.353
2007-02-20,0.348
2007-02-21,0.384
2007-02-22,0.37
2007-02-23,0.647
2007-02-24,1.289
2007-02-25,1.202
2007-02-26,0.891
2007-02-27,0.852
2007-02-28,0.879
2007-03-01,0.941
2007-03-02,0.875
2007-03-03,0.962
2007-03-04,0.603
2007-03-05,0.699
2007-03-06,2.544
2007-03-07,1.729
2007-03-08,0.852
2007-03-09,0.586
2007-03-10,0.447
2007-03-11,0.351
2007-03-12,0.306
2007-03-13,0.279
2007-03-14,0.245
2007-03-15,0.216
2007-03-16,0.19
2007-03-17,0.178
2007-03-18,0.209
2007-03-19,0.559
2007-03-20,0.48
2007-03-21,0.305
2007-03-22,0.232
2007-03-23,0.208
2007-03-24,0.209
2007-03-25,0.182
2007-03-26,0.155
2007-03-27,0.134
2007-03-28,0.123
2007-03-29,0.116
2007-03-30,0.122
2007-03-31,0.146
2007-04-01,0.133
2007-04-02,0.13
2007-04-03,0.104
2007-04-04,0.091
2007-04-05,0.073
2007-04-06,0.069
2007-04-07,0.069
2007-04-08,0.064
2007-04-09,0.062
2007-04-10,0.058
2007-04-11,0.056
2007-04-12,0.054
2007-04-13,0.062
2007-04-14,0.063
2007-04-15,0.057
2007-04-16,0.053
2007-04-17,0.048
2007-04-18,0.047
2007-04-19,0.045
2007-04-20,0.042
2007-04-21,0.041
2007-04-22,0.041
2007-04-23,0.039
2007-04-24,0.037
2007-04-25,0.039
2007-04-26,0.038
2007-04-27,0.037
2007-04-28,0.037
2007-04-29,0.04
2007-04-30,0.037
2007-05-01,0.131
2007-05-02,0.063
2007-05-03,0.045
2007-05-04,0.039
2007-05-05,0.037
2007-05-06,0.034
2007-05-07,0.034
2007-05-08,0.035
2007-05-09,0.031
2007-05-10,0.029
2007-05-11,0.03
2007-05-12,0.034
2007-05-13,0.233
2007-05-14,0.255
2007-05-15,0.112
2007-05-16,0.105
2007-05-17,0.121
2007-05-18,0.111
2007-05-19,0.082
2007-05-20,0.073
2007-05-21,0.22
2007-05-22,0.131
2007-05-23,0.096
2007-05-24,0.075
2007-05-25,0.063
2007-05-26,0.064
2007-05-27,0.087
2007-05-28,0.086
2007-05-29,0.061
2007-05-30,0.056
2007-05-31,0.098
2007-06-01,0.118
2007-06-02,0.072
2007-06-03,0.059
2007-06-04,0.103
2007-06-05,0.077
2007-06-06,0.068
2007-06-07,0.059
2007-06-08,0.052
2007-06-09,0.047
2007-06-10,0.042
2007-06-11,0.158
2007-06-12,0.372
2007-06-13,0.118
2007-06-14,0.105
2007-06-15,0.121
2007-06-16,0.122
2007-06-17,0.113
2007-06-18,0.118
2007-06-19,0.088
2007-06-20,0.066
2007-06-21,0.051
2007-06-22,0.198
2007-06-23,0.536
2007-06-24,0.172
2007-06-25,0.245
2007-06-26,0.435
2007-06-27,0.213
2007-06-28,0.147
2007-06-29,0.118
2007-06-30,0.105
2007-07-01,0.093
2007-07-02,0.085
2007-07-03,0.407
2007-07-04,0.754
2007-07-05,0.333
2007-07-06,0.259
2007-07-07,0.195
2007-07-08,0.202
2007-07-09,0.233
2007-07-10,0.662
2007-07-11,0.449
2007-07-12,0.237
2007-07-13,0.183
2007-07-14,0.145
2007-07-15,0.129
2007-07-16,0.285
2007-07-17,0.272
2007-07-18,0.205
2007-07-19,0.177
2007-07-20,0.158
2007-07-21,0.155
2007-07-22,0.151
2007-07-23,1.762
2007-07-24,0.791
2007-07-25,0.289
2007-07-26,0.203
2007-07-27,0.16
2007-07-28,0.142
2007-07-29,0.184
2007-07-30,0.219
2007-07-31,0.141
2007-08-01,0.12
2007-08-02,0.105
2007-08-03,0.091
2007-08-04,0.079
2007-08-05,0.072
2007-08-06,0.068
2007-08-07,0.06
2007-08-08,0.056
2007-08-09,0.053
2007-08-10,0.049
2007-08-11,0.045
2007-08-12,0.042
2007-08-13,0.04
2007-08-14,0.056
2007-08-15,0.1
2007-08-16,0.071
2007-08-17,0.052
2007-08-18,0.045
2007-08-19,0.059
2007-08-20,1.267
2007-08-21,3.507
2007-08-22,0.747
2007-08-23,0.354
2007-08-24,0.259
2007-08-25,0.208
2007-08-26,0.166
2007-08-27,0.134
2007-08-28,0.114
2007-08-29,0.099
2007-08-30,0.085
2007-08-31,0.077
2007-09-01,0.073
2007-09-02,0.071
2007-09-03,0.066
2007-09-04,0.054
2007-09-05,0.047
2007-09-06,0.046
2007-09-07,0.046
2007-09-08,0.045
2007-09-09,0.043
2007-09-10,0.039
2007-09-11,0.036
2007-09-12,0.034
2007-09-13,0.033
2007-09-14,0.034
2007-09-15,0.034
2007-09-16,0.034
2007-09-17,0.04
2007-09-18,0.063
2007-09-19,0.037
2007-09-20,0.034
2007-09-21,0.033
2007-09-22,0.03
2007-09-23,0.032
2007-09-24,0.033
2007-09-25,0.029
2007-09-26,0.033
2007-09-27,0.037
2007-09-28,0.035
2007-09-29,0.03
2007-09-30,0.03
2007-10-01,0.039
2007-10-02,0.053
2007-10-03,0.041
2007-10-04,0.036
2007-10-05,0.033
2007-10-06,0.037
2007-10-07,0.035
2007-10-08,0.028
2007-10-09,0.031
2007-10-10,0.138
2007-10-11,0.066
2007-10-12,0.051
2007-10-13,0.05
2007-10-14,0.038
2007-10-15,0.042
2007-10-16,0.039
2007-10-17,0.038
2007-10-18,0.035
2007-10-19,0.032
2007-10-20,0.03
2007-10-21,0.031
2007-10-22,0.032
2007-10-23,0.033
2007-10-24,0.028
2007-10-25,0.028
2007-10-26,0.051
2007-10-27,0.052
2007-10-28,0.049
2007-10-29,0.087
2007-10-30,0.077
2007-10-31,0.057
2007-11-01,0.053
2007-11-02,0.056
2007-11-03,0.053
2007-11-04,0.042
2007-11-05,0.037
2007-11-06,0.034
2007-11-07,0.034
2007-11-08,0.038
2007-11-09,0.035
2007-11-10,0.031
2007-11-11,0.034
2007-11-12,0.03
2007-11-13,0.029
2007-11-14,0.035
2007-11-15,0.03
2007-11-16,0.028
2007-11-17,0.025
2007-11-18,0.071
2007-11-19,0.104
2007-11-20,0.119
2007-11-21,0.173
2007-11-22,0.128
2007-11-23,0.11
2007-11-24,0.084
2007-11-25,0.072
2007-11-26,0.064
2007-11-27,0.068
2007-11-28,0.067
2007-11-29,0.064
2007-11-30,0.07
2007-12-01,0.109
2007-12-02,0.647
2007-12-03,0.965
2007-12-04,0.333
2007-12-05,0.312
2007-12-06,0.437
2007-12-07,0.498
2007-12-08,1.707
2007-12-09,1.756
2007-12-10,2.52
2007-12-11,0.971
2007-12-12,0.56
2007-12-13,0.425
2007-12-14,0.342
2007-12-15,0.259
2007-12-16,0.209
2007-12-17,0.183
2007-12-18,0.16
2007-12-19,0.139
2007-12-20,0.12
2007-12-21,0.127
2007-12-22,0.121
2007-12-23,0.111
2007-12-24,0.105
2007-12-25,0.128
2007-12-26,0.184
2007-12-27,0.165
2007-12-28,0.159
2007-12-29,0.192
2007-12-30,0.181
2007-12-31,0.167
2008-01-01,0.16
2008-01-02,0.163
2008-01-03,0.168
2008-01-04,0.195
2008-01-05,1.982
2008-01-06,1.202
2008-01-07,1.156
2008-01-08,0.638
2008-01-09,0.681
2008-01-10,0.524
2008-01-11,3.818
2008-01-12,1.718
2008-01-13,1.013
2008-01-14,0.974
2008-01-15,3.274
2008-01-16,3.65
2008-01-17,1.512
2008-01-18,1.193
2008-01-19,0.848
2008-01-20,0.617
2008-01-21,0.494
2008-01-22,0.415
2008-01-23,0.38
2008-01-24,0.342
2008-01-25,0.289
2008-01-26,0.266
2008-01-27,0.247
2008-01-28,0.236
2008-01-29,0.236
2008-01-30,0.241
2008-01-31,0.246
2008-02-01,2.489
2008-02-02,1.227
2008-02-03,0.731
2008-02-04,0.727
2008-02-05,3.018
2008-02-06,2.094
2008-02-07,0.886
2008-02-08,0.613
2008-02-09,0.507
2008-02-10,0.43
2008-02-11,0.353
2008-02-12,0.279
2008-02-13,0.237
2008-02-14,0.223
2008-02-15,0.201
2008-02-16,0.184
2008-02-17,0.167
2008-02-18,0.159
2008-02-19,0.157
2008-02-20,0.156
2008-02-21,0.154
2008-02-22,0.145
2008-02-23,0.137
2008-02-24,0.136
2008-02-25,0.14
2008-02-26,0.202
2008-02-27,0.2
2008-02-28,0.336
2008-02-29,0.247
2008-03-01,0.233
2008-03-02,0.195
2008-03-03,0.197
2008-03-04,0.213
2008-03-05,0.162
2008-03-06,0.156
2008-03-07,0.165
2008-03-08,0.169
2008-03-09,0.68
2008-03-10,2.709
2008-03-11,1.08
2008-03-12,1.2
2008-03-13,0.604
2008-03-14,0.464
2008-03-15,0.436
2008-03-16,0.469
2008-03-17,0.376
2008-03-18,0.33
2008-03-19,0.278
2008-03-20,0.238
2008-03-21,0.529
2008-03-22,0.633
2008-03-23,0.521
2008-03-24,0.586
2008-03-25,0.432
2008-03-26,1.093
2008-03-27,1.181
2008-03-28,0.67
2008-03-29,0.503
2008-03-30,0.53
2008-03-31,0.571
2008-04-01,0.438
2008-04-02,0.378
2008-04-03,0.334
2008-04-04,0.305
2008-04-05,0.273
2008-04-06,0.263
2008-04-07,0.254
2008-04-08,0.219
2008-04-09,0.205
2008-04-10,0.191
2008-04-11,0.17
2008-04-12,0.161
2008-04-13,0.18
2008-04-14,0.189
2008-04-15,0.169
2008-04-16,0.162
2008-04-17,0.157
2008-04-18,0.218
2008-04-19,0.212
2008-04-20,0.325
2008-04-21,1.013
2008-04-22,0.94
2008-04-23,0.595
2008-04-24,0.393
2008-04-25,0.329
2008-04-26,0.28
2008-04-27,0.252
2008-04-28,0.34
2008-04-29,0.623
2008-04-30,1.185
2008-05-01,0.838
2008-05-02,0.812
2008-05-03,0.489
2008-05-04,0.368
2008-05-05,1.188
2008-05-06,0.601
2008-05-07,0.424
2008-05-08,0.352
2008-05-09,0.307
2008-05-10,0.268
2008-05-11,0.24
2008-05-12,0.22
2008-05-13,0.205
2008-05-14,0.198
2008-05-15,0.186
2008-05-16,0.136
2008-05-17,0.129
2008-05-18,0.137
2008-05-19,0.098
2008-05-20,0.086
2008-05-21,0.077
2008-05-22,0.08
2008-05-23,0.082
2008-05-24,0.204
2008-05-25,0.202
2008-05-26,2.461
2008-05-27,0.797
2008-05-28,0.99
2008-05-29,0.412
2008-05-30,0.347
2008-05-31,0.301
2008-06-01,0.315
2008-06-02,0.863
2008-06-03,0.681
2008-06-04,0.31
2008-06-05,0.229
2008-06-06,0.19
2008-06-07,0.154
2008-06-08,0.144
2008-06-09,0.121
2008-06-10,0.107
2008-06-11,0.102
2008-06-12,0.095
2008-06-13,0.087
2008-06-14,0.086
2008-06-15,0.084
2008-06-16,0.088
2008-06-17,0.074
2008-06-18,0.072
2008-06-19,0.09
2008-06-20,0.071
2008-06-21,0.068
2008-06-22,0.062
2008-06-23,0.058
2008-06-24,0.059
2008-06-25,0.049
2008-06-26,0.052
2008-06-27,0.043
2008-06-28,0.045
2008-06-29,0.05
2008-06-30,0.047
2008-07-01,0.036
2008-07-02,0.042
2008-07-03,0.083
2008-07-04,0.062
2008-07-05,0.047
2008-07-06,0.046
2008-07-07,0.059
2008-07-08,0.057
2008-07-09,0.044
2008-07-10,0.066
2008-07-11,0.064
2008-07-12,0.05
2008-07-13,0.036
2008-07-14,0.03
2008-07-15,0.03
2008-07-16,0.029
2008-07-17,0.028
2008-07-18,0.027
2008-07-19,0.035
2008-07-20,0.03
2008-07-21,0.028
2008-07-22,0.027
2008-07-23,0.029
2008-07-24,0.027
2008-07-25,0.028
2008-07-26,0.06
2008-07-27,0.035
2008-07-28,0.034
2008-07-29,0.076
2008-07-30,0.032
2008-07-31,0.025
2008-08-01,0.023
2008-08-02,0.03
2008-08-03,0.033
2008-08-04,0.071
2008-08-05,0.035
2008-08-06,0.028
2008-08-07,0.028
2008-08-08,0.045
2008-08-09,0.027
2008-08-10,0.026
2008-08-11,0.023
2008-08-12,0.034
2008-08-13,0.023
2008-08-14,0.021
2008-08-15,0.022
2008-08-16,0.021
2008-08-17,0.021
2008-08-18,0.021
2008-08-19,0.02
2008-08-20,0.023
2008-08-21,0.033
2008-08-22,0.044
2008-08-23,0.027
2008-08-24,0.033
2008-08-25,0.037
2008-08-26,0.029
2008-08-27,0.027
2008-08-28,0.027
2008-08-29,0.024
2008-08-30,0.024
2008-08-31,0.027
2008-09-01,0.022
2008-09-02,0.024
2008-09-03,0.037
2008-09-04,0.023
2008-09-05,0.101
2008-09-06,0.078
2008-09-07,0.053
2008-09-08,0.045
2008-09-09,0.034
2008-09-10,0.036
2008-09-11,0.038
2008-09-12,0.038
2008-09-13,0.032
2008-09-14,0.028
2008-09-15,0.026
2008-09-16,0.024
2008-09-17,0.022
2008-09-18,0.021
2008-09-19,0.016
2008-09-20,0.017
2008-09-21,0.019
2008-09-22,0.017
2008-09-23,0.016
2008-09-24,0.025
2008-09-25,0.028
2008-09-26,0.024
2008-09-27,0.02
2008-09-28,0.022
2008-09-29,0.019
2008-09-30,0.016
2008-10-01,0.021
2008-10-02,0.02
2008-10-03,0.048
2008-10-04,0.029
2008-10-05,0.033
2008-10-06,0.041
2008-10-07,0.037
2008-10-08,0.04
2008-10-09,0.032
2008-10-10,0.023
2008-10-11,0.022
2008-10-12,0.023
2008-10-13,0.022
2008-10-14,0.021
2008-10-15,0.022
2008-10-16,0.023
2008-10-17,0.024
2008-10-18,0.021
2008-10-19,0.02
2008-10-20,0.022
2008-10-21,0.036
2008-10-22,0.027
2008-10-23,0.022
2008-10-24,0.022
2008-10-25,0.025
2008-10-26,0.022
2008-10-27,0.115
2008-10-28,0.047
2008-10-29,0.033
2008-10-30,0.157
2008-10-31,0.1
2008-11-01,0.186
2008-11-02,0.133
2008-11-03,0.219
2008-11-04,0.208
2008-11-05,0.104
2008-11-06,0.078
2008-11-07,0.129
2008-11-08,0.113
2008-11-09,0.156
2008-11-10,0.227
2008-11-11,0.984
2008-11-12,0.329
2008-11-13,0.181
2008-11-14,0.154
2008-11-15,0.146
2008-11-16,0.131
2008-11-17,0.114
2008-11-18,0.177
2008-11-19,0.187
2008-11-20,0.147
2008-11-21,0.129
2008-11-22,0.125
2008-11-23,0.177
2008-11-24,1.088
2008-11-25,0.375
2008-11-26,0.235
2008-11-27,0.204
2008-11-28,0.222
2008-11-29,0.282
2008-11-30,0.238
2008-12-01,0.192
2008-12-02,0.167
2008-12-03,0.514
2008-12-04,0.907
2008-12-05,0.826
2008-12-06,0.722
2008-12-07,0.397
2008-12-08,0.291
2008-12-09,0.228
2008-12-10,0.195
2008-12-11,0.183
2008-12-12,0.161
2008-12-13,0.979
2008-12-14,0.989
2008-12-15,0.674
2008-12-16,0.39
2008-12-17,0.313
2008-12-18,0.257
2008-12-19,0.225
2008-12-20,0.2
2008-12-21,0.186
2008-12-22,0.171
2008-12-23,0.147
2008-12-24,0.126
2008-12-25,0.107
2008-12-26,0.102
2008-12-27,0.103
2008-12-28,0.103
2008-12-29,0.092
2008-12-30,0.089
2008-12-31,0.091
2009-01-01,0.091
2009-01-02,0.084
2009-01-03,0.073
2009-01-04,0.068
2009-01-05,0.068
2009-01-06,0.068
2009-01-07,0.058
2009-01-08,0.061
2009-01-09,0.055
2009-01-10,0.057
2009-01-11,0.054
2009-01-12,0.063
2009-01-13,0.174
2009-01-14,0.153
2009-01-15,0.143
2009-01-16,0.136
2009-01-17,0.134
2009-01-18,1.588
2009-01-19,2.279
2009-01-20,1.141
2009-01-21,0.645
2009-01-22,1.853
2009-01-23,3.234
2009-01-24,3.33
2009-01-25,1.735
2009-01-26,1.155
2009-01-27,0.739
2009-01-28,1.181
2009-01-29,1.227
2009-01-30,0.712
2009-01-31,0.516
2009-02-01,0.39
2009-02-02,0.32
2009-02-03,0.271
2009-02-04,0.333
2009-02-05,1.628
2009-02-06,0.855
2009-02-07,0.731
2009-02-08,0.57
2009-02-09,1.777
2009-02-10,2.166
2009-02-11,1.0
2009-02-12,0.712
2009-02-13,0.533
2009-02-14,0.412
2009-02-15,0.355
2009-02-16,0.317
2009-02-17,0.301
2009-02-18,0.301
2009-02-19,0.264
2009-02-20,0.236
2009-02-21,0.206
2009-02-22,0.207
2009-02-23,0.199
2009-02-24,0.18
2009-02-25,0.176
2009-02-26,0.181
2009-02-27,0.159
2009-02-28,0.158
2009-03-01,0.151
2009-03-02,0.143
2009-03-03,0.129
2009-03-04,1.056
2009-03-05,0.447
2009-03-06,0.328
2009-03-07,0.259
2009-03-08,0.283
2009-03-09,0.25
2009-03-10,0.272
2009-03-11,0.257
2009-03-12,0.249
2009-03-13,0.203
2009-03-14,0.175
2009-03-15,0.152
2009-03-16,0.137
2009-03-17,0.127
2009-03-18,0.141
2009-03-19,0.119
2009-03-20,0.103
2009-03-21,0.093
2009-03-22,0.089
2009-03-23,0.09
2009-03-24,0.09
2009-03-25,0.068
2009-03-26,0.079
2009-03-27,0.083
2009-03-28,0.078
2009-03-29,0.071
2009-03-30,0.061
2009-03-31,0.063
2009-04-01,0.06
2009-04-02,0.059
2009-04-03,0.055
2009-04-04,0.054
2009-04-05,0.051
2009-04-06,0.053
2009-04-07,0.05
2009-04-08,0.065
2009-04-09,0.07
2009-04-10,0.253
2009-04-11,0.461
2009-04-12,0.221
2009-04-13,0.154
2009-04-14,0.131
2009-04-15,0.716
2009-04-16,0.542
2009-04-17,0.26
2009-04-18,0.204
2009-04-19,0.202
2009-04-20,0.168
2009-04-21,0.14
2009-04-22,0.126
2009-04-23,0.112
2009-04-24,0.105
2009-04-25,0.093
2009-04-26,0.082
2009-04-27,0.125
2009-04-28,0.211
2009-04-29,0.427
2009-04-30,0.305
2009-05-01,0.397
2009-05-02,0.238
2009-05-03,0.193
2009-05-04,0.168
2009-05-05,0.136
2009-05-06,0.118
2009-05-07,0.108
2009-05-08,0.102
2009-05-09,0.09
2009-05-10,0.092
2009-05-11,0.204
2009-05-12,0.514
2009-05-13,0.236
2009-05-14,0.518
2009-05-15,1.147
2009-05-16,0.362
2009-05-17,0.314
2009-05-18,0.248
2009-05-19,0.187
2009-05-20,0.153
2009-05-21,0.14
2009-05-22,0.121
2009-05-23,0.114
2009-05-24,0.106
2009-05-25,1.139
2009-05-26,0.355
2009-05-27,0.2
2009-05-28,0.152
2009-05-29,0.154
2009-05-30,0.144
2009-05-31,0.107
2009-06-01,0.095
2009-06-02,0.083
2009-06-03,0.068
2009-06-04,0.065
2009-06-05,0.056
2009-06-06,0.057
2009-06-07,0.102
2009-06-08,0.093
2009-06-09,0.148
2009-06-10,0.354
2009-06-11,0.305
2009-06-12,0.154
2009-06-13,0.128
2009-06-14,0.107
2009-06-15,0.144
2009-06-16,0.115
2009-06-17,0.089
2009-06-18,0.076
2009-06-19,0.067
2009-06-20,0.055
2009-06-21,0.055
2009-06-22,0.052
2009-06-23,0.045
2009-06-24,0.041
2009-06-25,0.041
2009-06-26,0.039
2009-06-27,0.037
2009-06-28,0.039
2009-06-29,0.034
2009-06-30,0.034
2009-07-01,0.041
2009-07-02,0.079
2009-07-03,0.108
2009-07-04,0.05
2009-07-05,0.041
2009-07-06,0.035
2009-07-07,0.035
2009-07-08,0.048
2009-07-09,0.03
2009-07-10,0.027
2009-07-11,0.029
2009-07-12,0.042
2009-07-13,0.028
2009-07-14,0.035
2009-07-15,0.031
2009-07-16,0.022
2009-07-17,0.03
2009-07-18,0.04
2009-07-19,0.034
2009-07-20,0.026
2009-07-21,0.027
2009-07-22,0.026
2009-07-23,0.199
2009-07-24,0.081
2009-07-25,0.077
2009-07-26,0.047
2009-07-27,0.039
2009-07-28,0.034
2009-07-29,0.033
2009-07-30,0.018
2009-07-31,0.025
2009-08-01,0.047
2009-08-02,0.094
2009-08-03,0.04
2009-08-04,0.032
2009-08-05,0.027
2009-08-06,0.028
2009-08-07,0.039
2009-08-08,0.034
2009-08-09,0.031
2009-08-10,0.03
2009-08-11,0.016
2009-08-12,0.015
2009-08-13,0.014
2009-08-14,0.017
2009-08-15,0.013
2009-08-16,0.014
2009-08-17,0.012
2009-08-18,0.016
2009-08-19,0.019
2009-08-20,0.024
2009-08-21,0.025
2009-08-22,0.056
2009-08-23,0.054
2009-08-24,0.049
2009-08-25,0.022
2009-08-26,0.043
2009-08-27,0.015
2009-08-28,0.016
2009-08-29,0.013
2009-08-30,0.015
2009-08-31,0.025
2009-09-01,0.043
2009-09-02,0.019
2009-09-03,0.034
2009-09-04,0.035
2009-09-05,0.022
2009-09-06,0.018
2009-09-07,0.023
2009-09-08,0.018
2009-09-09,0.021
2009-09-10,0.038
2009-09-11,0.028
2009-09-12,0.02
2009-09-13,0.019
2009-09-14,0.018
2009-09-15,0.016
2009-09-16,0.016
2009-09-17,0.016
2009-09-18,0.017
2009-09-19,0.017
2009-09-20,0.016
2009-09-21,0.017
2009-09-22,0.014
2009-09-23,0.013
2009-09-24,0.012
2009-09-25,0.013
2009-09-26,0.02
2009-09-27,0.015
2009-09-28,0.011
2009-09-29,0.012
2009-09-30,0.013
2009-10-01,0.014
2009-10-02,0.015
2009-10-03,0.014
2009-10-04,0.015
2009-10-05,0.022
2009-10-06,0.021
2009-10-07,0.02
2009-10-08,0.02
2009-10-09,0.018
2009-10-10,0.018
2009-10-11,0.018
2009-10-12,0.016
2009-10-13,0.014
2009-10-14,0.014
2009-10-15,0.015
2009-10-16,0.013
2009-10-17,0.013
2009-10-18,0.016
2009-10-19,0.014
2009-10-20,0.014
2009-10-21,0.046
2009-10-22,0.025
2009-10-23,0.021
2009-10-24,0.035
2009-10-25,0.034
2009-10-26,0.022
2009-10-27,0.02
2009-10-28,0.019
2009-10-29,0.017
2009-10-30,0.018
2009-10-31,0.023
2009-11-01,0.095
2009-11-02,0.081
2009-11-03,0.089
2009-11-04,0.138
2009-11-05,0.062
2009-11-06,0.052
2009-11-07,0.051
2009-11-08,0.069
2009-11-09,0.064
2009-11-10,0.044
2009-11-11,0.06
2009-11-12,0.062
2009-11-13,0.051
2009-11-14,0.077
2009-11-15,0.081
2009-11-16,0.088
2009-11-17,0.061
2009-11-18,0.05
2009-11-19,0.046
2009-11-20,0.045
2009-11-21,0.059
2009-11-22,0.054
2009-11-23,0.073
2009-11-24,0.087
2009-11-25,0.111
2009-11-26,0.095
2009-11-27,0.122
2009-11-28,0.207
2009-11-29,0.706
2009-11-30,0.263
2009-12-01,0.189
2009-12-02,0.212
2009-12-03,0.25
2009-12-04,0.238
2009-12-05,0.374
2009-12-06,0.577
2009-12-07,0.488
2009-12-08,0.625
2009-12-09,0.446
2009-12-10,0.576
2009-12-11,0.344
2009-12-12,0.26
2009-12-13,0.217
2009-12-14,0.176
2009-12-15,0.142
2009-12-16,0.124
2009-12-17,0.121
2009-12-18,0.114
2009-12-19,0.105
2009-12-20,0.112
2009-12-21,0.145
2009-12-22,0.266
2009-12-23,0.22
2009-12-24,0.719
2009-12-25,1.535
2009-12-26,0.488
2009-12-27,0.375
2009-12-28,0.37
2009-12-29,1.216
2009-12-30,1.149
2009-12-31,0.971
2010-01-01,0.58
2010-01-02,0.396
2010-01-03,0.344
2010-01-04,0.252
2010-01-05,0.215
2010-01-06,0.208
2010-01-07,0.178
2010-01-08,0.149
2010-01-09,0.132
2010-01-10,0.131
2010-01-11,0.123
2010-01-12,0.123
2010-01-13,0.299
2010-01-14,0.869
2010-01-15,0.446
2010-01-16,0.528
2010-01-17,0.866
2010-01-18,0.448
2010-01-19,0.359
2010-01-20,0.457
2010-01-21,0.37
2010-01-22,0.326
2010-01-23,0.572
2010-01-24,0.732
2010-01-25,0.431
2010-01-26,0.354
2010-01-27,0.292
2010-01-28,0.287
2010-01-29,0.383
2010-01-30,0.469
2010-01-31,0.323
2010-02-01,0.281
2010-02-02,0.247
2010-02-03,0.259
2010-02-04,0.249
2010-02-05,0.689
2010-02-06,1.182
2010-02-07,0.68
2010-02-08,0.477
2010-02-09,0.363
2010-02-10,0.283
2010-02-11,0.247
2010-02-12,0.225
2010-02-13,0.216
2010-02-14,0.194
2010-02-15,0.189
2010-02-16,0.19
2010-02-17,0.181
2010-02-18,0.426
2010-02-19,0.616
2010-02-20,0.363
2010-02-21,0.304
2010-02-22,0.528
2010-02-23,0.848
2010-02-24,1.175
2010-02-25,1.744
2010-02-26,1.938
2010-02-27,1.011
2010-02-28,3.31
2010-03-01,1.219
2010-03-02,1.154
2010-03-03,0.723
2010-03-04,0.545
2010-03-05,0.375
2010-03-06,0.329
2010-03-07,0.277
2010-03-08,0.239
2010-03-09,0.211
2010-03-10,0.195
2010-03-11,0.191
2010-03-12,0.174
2010-03-13,0.154
2010-03-14,0.141
2010-03-15,0.139
2010-03-16,0.131
2010-03-17,0.131
2010-03-18,0.132
2010-03-19,0.147
2010-03-20,0.307
2010-03-21,0.199
2010-03-22,0.136
2010-03-23,0.123
2010-03-24,0.12
2010-03-25,0.146
2010-03-26,0.233
2010-03-27,0.369
2010-03-28,0.339
2010-03-29,0.381
2010-03-30,0.586
2010-03-31,0.403
2010-04-01,0.262
2010-04-02,0.409
2010-04-03,0.379
2010-04-04,0.362
2010-04-05,0.264
2010-04-06,0.235
2010-04-07,0.221
2010-04-08,0.191
2010-04-09,0.168
2010-04-10,0.156
2010-04-11,0.143
2010-04-12,0.126
2010-04-13,0.121
2010-04-14,0.114
2010-04-15,0.109
2010-04-16,0.102
2010-04-17,0.104
2010-04-18,0.102
2010-04-19,0.093
2010-04-20,0.085
2010-04-21,0.079
2010-04-22,0.079
2010-04-23,0.075
2010-04-24,0.071
2010-04-25,0.072
2010-04-26,0.064
2010-04-27,0.062
2010-04-28,0.064
2010-04-29,0.072
2010-04-30,0.066
2010-05-01,0.062
2010-05-02,0.074
2010-05-03,0.068
2010-05-04,0.046
2010-05-05,0.038
2010-05-06,0.041
2010-05-07,0.039
2010-05-08,0.035
2010-05-09,0.038
2010-05-10,0.038
2010-05-11,0.06
2010-05-12,0.045
2010-05-13,0.049
2010-05-14,0.039
2010-05-15,0.031
2010-05-16,0.022
2010-05-17,0.024
2010-05-18,0.022
2010-05-19,0.022
2010-05-20,0.02
2010-05-21,0.022
2010-05-22,0.025
2010-05-23,0.027
2010-05-24,0.031
2010-05-25,0.033
2010-05-26,0.023
2010-05-27,0.024
2010-05-28,0.019
2010-05-29,0.019
2010-05-30,0.032
2010-05-31,0.037
2010-06-01,0.028
2010-06-02,0.036
2010-06-03,0.023
2010-06-04,0.022
2010-06-05,0.02
2010-06-06,0.058
2010-06-07,0.031
2010-06-08,0.026
2010-06-09,0.028
2010-06-10,0.057
2010-06-11,0.051
2010-06-12,0.034
2010-06-13,0.023
2010-06-14,0.022
2010-06-15,0.023
2010-06-16,0.016
2010-06-17,0.017
2010-06-18,0.014
2010-06-19,0.015
2010-06-20,0.013
2010-06-21,0.013
2010-06-22,0.011
2010-06-23,0.011
2010-06-24,0.01
2010-06-25,0.017
2010-06-26,0.011
2010-06-27,0.012
2010-06-28,0.013
2010-06-29,0.01
2010-06-30,0.01
2010-07-01,0.007
2010-07-02,0.009
2010-07-03,0.01
2010-07-04,0.012
2010-07-05,0.013
2010-07-06,0.01
2010-07-07,0.008
2010-07-08,0.008
2010-07-09,0.009
2010-07-10,0.009
2010-07-11,0.012
2010-07-12,0.011
2010-07-13,0.017
2010-07-14,0.029
2010-07-15,0.03
2010-07-16,0.02
2010-07-17,0.016
2010-07-18,0.014
2010-07-19,0.014
2010-07-20,0.009
2010-07-21,0.077
2010-07-22,0.032
2010-07-23,0.022
2010-07-24,0.019
2010-07-25,0.019
2010-07-26,0.019
2010-07-27,0.014
2010-07-28,0.015
2010-07-29,0.014
2010-07-30,0.012
2010-07-31,0.011
2010-08-01,0.014
2010-08-02,0.021
2010-08-03,0.012
2010-08-04,0.021
2010-08-05,0.054
2010-08-06,0.016
2010-08-07,0.014
2010-08-08,0.019
2010-08-09,0.014
2010-08-10,0.012
2010-08-11,0.015
2010-08-12,0.012
2010-08-13,0.011
2010-08-14,0.018
2010-08-15,0.039
2010-08-16,0.026
2010-08-17,0.022
2010-08-18,0.021
2010-08-19,0.017
2010-08-20,0.017
2010-08-21,0.018
2010-08-22,0.018
2010-08-23,0.037
2010-08-24,0.026
2010-08-25,0.02
2010-08-26,0.02
2010-08-27,0.024
2010-08-28,0.019
2010-08-29,0.017
2010-08-30,0.016
2010-08-31,0.012
2010-09-01,0.009
2010-09-02,0.009
2010-09-03,0.006
2010-09-04,0.007
2010-09-05,0.01
2010-09-06,0.011
2010-09-07,0.017
2010-09-08,0.066
2010-09-09,0.03
2010-09-10,0.018
2010-09-11,0.016
2010-09-12,0.017
2010-09-13,0.015
2010-09-14,0.012
2010-09-15,0.014
2010-09-16,0.016
2010-09-17,0.013
2010-09-18,0.011
2010-09-19,0.011
2010-09-20,0.013
2010-09-21,0.01
2010-09-22,0.009
2010-09-23,0.022
2010-09-24,0.069
2010-09-25,0.026
2010-09-26,0.019
2010-09-27,0.02
2010-09-28,0.022
2010-09-29,0.017
2010-09-30,0.023
2010-10-01,0.06
2010-10-02,0.201
2010-10-03,0.177
2010-10-04,0.64
2010-10-05,0.491
2010-10-06,0.52
2010-10-07,0.222
2010-10-08,0.142
2010-10-09,0.101
2010-10-10,0.072
2010-10-11,0.061
2010-10-12,0.056
2010-10-13,0.045
2010-10-14,0.043
2010-10-15,0.04
2010-10-16,0.038
2010-10-17,0.036
2010-10-18,0.026
2010-10-19,0.035
2010-10-20,0.041
2010-10-21,0.029
2010-10-22,0.026
2010-10-23,0.038
2010-10-24,0.044
2010-10-25,0.034
2010-10-26,0.034
2010-10-27,0.031
2010-10-28,0.032
2010-10-29,0.033
2010-10-30,0.06
2010-10-31,0.047
2010-11-01,0.038
2010-11-02,0.037
2010-11-03,0.036
2010-11-04,0.034
2010-11-05,0.033
2010-11-06,0.041
2010-11-07,0.084
2010-11-08,0.176
2010-11-09,0.12
2010-11-10,0.077
2010-11-11,0.148
2010-11-12,0.2
2010-11-13,1.223
2010-11-14,3.057
2010-11-15,0.82
2010-11-16,0.404
2010-11-17,0.313
2010-11-18,0.257
2010-11-19,0.206
2010-11-20,0.24
2010-11-21,0.238
2010-11-22,0.17
2010-11-23,0.134
2010-11-24,0.119
2010-11-25,0.15
2010-11-26,0.131
2010-11-27,0.117
2010-11-28,0.109
2010-11-29,0.09
2010-11-30,0.082
2010-12-01,0.075
2010-12-02,0.072
2010-12-03,0.068
2010-12-04,0.158
2010-12-05,0.216
2010-12-06,0.281
2010-12-07,0.248
2010-12-08,0.523
2010-12-09,0.472
2010-12-10,0.268
2010-12-11,0.232
2010-12-12,0.199
2010-12-13,0.16
2010-12-14,0.129
2010-12-15,0.111
2010-12-16,0.127
2010-12-17,0.202
2010-12-18,0.23
2010-12-19,1.915
2010-12-20,1.837
2010-12-21,1.133
2010-12-22,0.702
2010-12-23,0.901
2010-12-24,0.805
2010-12-25,0.462
2010-12-26,0.309
2010-12-27,0.245
2010-12-28,0.335
2010-12-29,0.378
2010-12-30,0.364
2010-12-31,0.304
2011-01-01,0.247
2011-01-02,0.213
2011-01-03,0.19
2011-01-04,0.177
2011-01-05,0.212
2011-01-06,1.855
2011-01-07,1.506
2011-01-08,1.268
2011-01-09,1.873
2011-01-10,0.925
2011-01-11,1.046
2011-01-12,0.806
2011-01-13,0.614
2011-01-14,0.639
2011-01-15,0.774
2011-01-16,0.525
2011-01-17,0.429
2011-01-18,0.355
2011-01-19,0.285
2011-01-20,0.244
2011-01-21,0.218
2011-01-22,0.203
2011-01-23,0.192
2011-01-24,0.184
2011-01-25,0.183
2011-01-26,0.217
2011-01-27,0.216
2011-01-28,0.183
2011-01-29,0.165
2011-01-30,0.153
2011-01-31,0.136
2011-02-01,0.126
2011-02-02,0.127
2011-02-03,0.139
2011-02-04,0.139
2011-02-05,0.134
2011-02-06,0.132
2011-02-07,0.129
2011-02-08,0.125
2011-02-09,0.124
2011-02-10,0.12
2011-02-11,0.123
2011-02-12,0.12
2011-02-13,0.128
2011-02-14,0.203
2011-02-15,0.234
2011-02-16,0.244
2011-02-17,0.201
2011-02-18,0.161
2011-02-19,0.551
2011-02-20,0.432
2011-02-21,0.35
2011-02-22,0.406
2011-02-23,0.315
2011-02-24,0.305
2011-02-25,0.272
2011-02-26,0.359
2011-02-27,0.486
2011-02-28,0.88
2011-03-01,0.465
2011-03-02,0.346
2011-03-03,0.27
2011-03-04,0.225
2011-03-05,0.202
2011-03-06,0.186
2011-03-07,0.164
2011-03-08,0.146
2011-03-09,0.14
2011-03-10,0.13
2011-03-11,0.127
2011-03-12,0.128
2011-03-13,0.129
2011-03-14,0.117
2011-03-15,0.117
2011-03-16,0.105
2011-03-17,0.094
2011-03-18,0.088
2011-03-19,0.098
2011-03-20,0.09
2011-03-21,0.081
2011-03-22,0.073
2011-03-23,0.065
2011-03-24,0.067
2011-03-25,0.07
2011-03-26,0.069
2011-03-27,0.075
2011-03-28,0.069
2011-03-29,0.109
2011-03-30,0.144
2011-03-31,0.111
2011-04-01,0.094
2011-04-02,0.089
2011-04-03,0.082
2011-04-04,0.072
2011-04-05,0.063
2011-04-06,0.058
2011-04-07,0.062
2011-04-08,0.063
2011-04-09,0.053
2011-04-10,0.051
2011-04-11,0.048
2011-04-12,0.044
2011-04-13,0.037
2011-04-14,0.039
2011-04-15,0.042
2011-04-16,0.041
2011-04-17,0.039
2011-04-18,0.036
2011-04-19,0.038
2011-04-20,0.034
2011-04-21,0.033
2011-04-22,0.031
2011-04-23,0.033
2011-04-24,0.033
2011-04-25,0.029
2011-04-26,0.028
2011-04-27,0.025
2011-04-28,0.022
2011-04-29,0.019
2011-04-30,0.021
2011-05-01,0.029
2011-05-02,0.035
2011-05-03,0.03
2011-05-04,0.023
2011-05-05,0.018
2011-05-06,0.019
2011-05-07,0.033
2011-05-08,0.061
2011-05-09,0.033
2011-05-10,0.025
2011-05-11,0.019
2011-05-12,0.017
2011-05-13,0.011
2011-05-14,0.013
2011-05-15,0.011
2011-05-16,0.01
2011-05-17,0.01
2011-05-18,0.01
2011-05-19,0.013
2011-05-20,0.011
2011-05-21,0.01
2011-05-22,0.011
2011-05-23,0.009
2011-05-24,0.01
2011-05-25,0.011
2011-05-26,0.009
2011-05-27,0.008
2011-05-28,0.008
2011-05-29,0.008
2011-05-30,0.008
2011-05-31,0.008
2011-06-01,0.008
2011-06-02,0.008
2011-06-03,0.009
2011-06-04,0.009
2011-06-05,0.009
2011-06-06,0.014
2011-06-07,0.018
2011-06-08,0.012
2011-06-09,0.009
2011-06-10,0.009
2011-06-11,0.009
2011-06-12,0.01
2011-06-13,0.022
2011-06-14,0.027
2011-06-15,0.014
2011-06-16,0.032
2011-06-17,0.038
2011-06-18,0.031
2011-06-19,0.027
2011-06-20,0.026
2011-06-21,0.026
2011-06-22,0.021
2011-06-23,0.016
2011-06-24,0.012
2011-06-25,0.012
2011-06-26,0.013
2011-06-27,0.018
2011-06-28,0.032
2011-06-29,0.023
2011-06-30,0.016
2011-07-01,0.013
2011-07-02,0.011
2011-07-03,0.012
2011-07-04,0.011
2011-07-05,0.008
2011-07-06,0.007
2011-07-07,0.007
2011-07-08,0.01
2011-07-09,0.017
2011-07-10,0.011
2011-07-11,0.011
2011-07-12,0.058
2011-07-13,0.028
2011-07-14,0.019
2011-07-15,0.017
2011-07-16,0.034
2011-07-17,0.104
2011-07-18,0.067
2011-07-19,0.036
2011-07-20,0.037
2011-07-21,0.158
2011-07-22,0.082
2011-07-23,0.081
2011-07-24,0.056
2011-07-25,0.048
2011-07-26,0.041
2011-07-27,0.03
2011-07-28,0.022
2011-07-29,0.018
2011-07-30,0.018
2011-07-31,0.02
2011-08-01,0.017
2011-08-02,0.011
2011-08-03,0.015
2011-08-04,0.052
2011-08-05,0.056
2011-08-06,0.03
2011-08-07,0.042
2011-08-08,0.073
2011-08-09,0.031
2011-08-10,0.023
2011-08-11,0.019
2011-08-12,0.018
2011-08-13,0.02
2011-08-14,0.082
2011-08-15,0.034
2011-08-16,0.023
2011-08-17,0.018
2011-08-18,0.017
2011-08-19,0.016
2011-08-20,0.013
2011-08-21,0.017
2011-08-22,0.056
2011-08-23,0.213
2011-08-24,0.058
2011-08-25,0.039
2011-08-26,0.167
2011-08-27,0.08
2011-08-28,0.053
2011-08-29,0.042
2011-08-30,0.035
2011-08-31,0.032
2011-09-01,0.032
2011-09-02,0.029
2011-09-03,0.028
2011-09-04,0.032
2011-09-05,0.035
2011-09-06,0.028
2011-09-07,0.036
2011-09-08,0.034
2011-09-09,0.027
2011-09-10,0.029
2011-09-11,0.051
2011-09-12,0.043
2011-09-13,0.034
2011-09-14,0.026
2011-09-15,0.024
2011-09-16,0.024
2011-09-17,0.028
2011-09-18,0.062
2011-09-19,0.056
2011-09-20,0.031
2011-09-21,0.027
2011-09-22,0.021
2011-09-23,0.019
2011-09-24,0.017
2011-09-25,0.018
2011-09-26,0.018
2011-09-27,0.017
2011-09-28,0.024
2011-09-29,0.016
2011-09-30,0.012
2011-10-01,0.014
2011-10-02,0.015
2011-10-03,0.014
2011-10-04,0.011
2011-10-05,0.013
2011-10-06,0.012
2011-10-07,0.013
2011-10-08,0.015
2011-10-09,0.017
2011-10-10,0.016
2011-10-11,0.014
2011-10-12,0.014
2011-10-13,0.015
2011-10-14,0.018
2011-10-15,0.017
2011-10-16,0.016
2011-10-17,0.017
2011-10-18,0.014
2011-10-19,0.021
2011-10-20,0.016
2011-10-21,0.015
2011-10-22,0.016
2011-10-23,0.018
2011-10-24,0.018
2011-10-25,0.03
2011-10-26,0.031
2011-10-27,0.022
2011-10-28,0.023
2011-10-29,0.019
2011-10-30,0.018
2011-10-31,0.018
2011-11-01,0.017
2011-11-02,0.017
2011-11-03,0.028
2011-11-04,0.083
2011-11-05,0.041
2011-11-06,0.028
2011-11-07,0.026
2011-11-08,0.028
2011-11-09,0.022
2011-11-10,0.022
2011-11-11,0.022
2011-11-12,0.022
2011-11-13,0.023
2011-11-14,0.021
2011-11-15,0.019
2011-11-16,0.024
2011-11-17,0.018
2011-11-18,0.02
2011-11-19,0.021
2011-11-20,0.021
2011-11-21,0.019
2011-11-22,0.018
2011-11-23,0.019
2011-11-24,0.018
2011-11-25,0.018
2011-11-26,0.016
2011-11-27,0.017
2011-11-28,0.018
2011-11-29,0.019
2011-11-30,0.021
2011-12-01,0.027
2011-12-02,0.064
2011-12-03,0.081
2011-12-04,0.085
2011-12-05,0.083
2011-12-06,0.05
2011-12-07,0.046
2011-12-08,0.038
2011-12-09,0.057
2011-12-10,0.076
2011-12-11,0.062
2011-12-12,0.082
2011-12-13,0.3
2011-12-14,0.224
2011-12-15,0.198
2011-12-16,1.599
2011-12-17,0.757
2011-12-18,0.755
2011-12-19,0.596
2011-12-20,0.664
2011-12-21,0.472
2011-12-22,0.362
2011-12-23,0.292
2011-12-24,0.318
2011-12-25,0.223
2011-12-26,0.177
2011-12-27,0.145
2011-12-28,0.134
2011-12-29,0.119
2011-12-30,0.146
2011-12-31,0.388
2012-01-01,0.398
2012-01-02,1.11
2012-01-03,0.585
2012-01-04,0.96
2012-01-05,0.446
2012-01-06,0.303
2012-01-07,0.253
2012-01-08,0.217
2012-01-09,0.206
2012-01-10,0.189
2012-01-11,0.162
2012-01-12,0.141
2012-01-13,0.138
2012-01-14,0.12
2012-01-15,0.111
2012-01-16,0.1
2012-01-17,0.087
2012-01-18,0.1
2012-01-19,0.119
2012-01-20,0.122
2012-01-21,0.128
2012-01-22,0.127
2012-01-23,0.116
2012-01-24,0.112
2012-01-25,0.111
2012-01-26,0.119
2012-01-27,0.111
2012-01-28,0.112
2012-01-29,0.107
2012-01-30,0.14
2012-01-31,0.205
2012-02-01,0.177
2012-02-02,0.137
2012-02-03,0.116
2012-02-04,0.101
2012-02-05,0.11
2012-02-06,0.102
2012-02-07,0.117
2012-02-08,0.1
2012-02-09,0.094
2012-02-10,0.082
2012-02-11,0.084
2012-02-12,0.074
2012-02-13,0.085
2012-02-14,0.187
2012-02-15,0.251
2012-02-16,0.214
2012-02-17,0.196
2012-02-18,0.22
2012-02-19,0.252
2012-02-20,0.179
2012-02-21,0.149
2012-02-22,0.133
2012-02-23,0.134
2012-02-24,0.131
2012-02-25,0.131
2012-02-26,0.126
2012-02-27,0.117
2012-02-28,0.111
2012-02-29,0.104
2012-03-01,0.099
2012-03-02,0.088
2012-03-03,0.085
2012-03-04,0.106
2012-03-05,0.109
2012-03-06,0.1
2012-03-07,0.102
2012-03-08,0.12
2012-03-09,0.098
2012-03-10,0.092
2012-03-11,0.089
2012-03-12,0.087
2012-03-13,0.081
2012-03-14,0.077
2012-03-15,0.078
2012-03-16,0.069
2012-03-17,0.156
2012-03-18,0.582
2012-03-19,0.532
2012-03-20,0.266
2012-03-21,0.21
2012-03-22,0.178
2012-03-23,0.147
2012-03-24,0.129
2012-03-25,0.114
2012-03-26,0.102
2012-03-27,0.095
2012-03-28,0.084
2012-03-29,0.079
2012-03-30,0.073
2012-03-31,0.07
2012-04-01,0.066
2012-04-02,0.057
2012-04-03,0.055
2012-04-04,0.053
2012-04-05,0.048
2012-04-06,0.046
2012-04-07,0.041
2012-04-08,0.046
2012-04-09,0.05
2012-04-10,0.189
2012-04-11,0.124
2012-04-12,0.095
2012-04-13,0.083
2012-04-14,0.082
2012-04-15,0.11
2012-04-16,0.071
2012-04-17,0.081
2012-04-18,0.138
2012-04-19,0.182
2012-04-20,0.173
2012-04-21,0.189
2012-04-22,0.221
2012-04-23,0.718
2012-04-24,0.883
2012-04-25,1.266
2012-04-26,0.615
2012-04-27,0.371
2012-04-28,0.434
2012-04-29,2.155
2012-04-30,1.084
2012-05-01,0.533
2012-05-02,0.424
2012-05-03,0.311
2012-05-04,0.497
2012-05-05,0.965
2012-05-06,1.529
2012-05-07,0.871
2012-05-08,0.627
2012-05-09,0.453
2012-05-10,0.348
2012-05-11,0.252
2012-05-12,0.188
2012-05-13,0.155
2012-05-14,0.146
2012-05-15,0.128
2012-05-16,0.106
2012-05-17,0.109
2012-05-18,0.107
2012-05-19,0.108
2012-05-20,0.163
2012-05-21,0.481
2012-05-22,0.228
2012-05-23,0.192
2012-05-24,0.162
2012-05-25,0.121
2012-05-26,0.099
2012-05-27,0.1
2012-05-28,0.079
2012-05-29,0.069
2012-05-30,0.047
2012-05-31,0.045
2012-06-01,0.052
2012-06-02,0.053
2012-06-03,0.055
2012-06-04,0.044
2012-06-05,0.042
2012-06-06,0.056
2012-06-07,0.168
2012-06-08,0.14
2012-06-09,0.083
2012-06-10,0.082
2012-06-11,0.097
2012-06-12,0.114
2012-06-13,0.073
2012-06-14,0.063
2012-06-15,0.068
2012-06-16,0.078
2012-06-17,0.065
2012-06-18,0.116
2012-06-19,0.071
2012-06-20,0.057
2012-06-21,0.094
2012-06-22,0.102
2012-06-23,0.07
2012-06-24,0.065
2012-06-25,0.09
2012-06-26,0.112
2012-06-27,0.08
2012-06-28,0.062
2012-06-29,0.047
2012-06-30,0.07
2012-07-01,0.063
2012-07-02,0.043
2012-07-03,0.039
2012-07-04,0.046
2012-07-05,0.052
2012-07-06,0.061
2012-07-07,0.099
2012-07-08,0.086
2012-07-09,0.117
2012-07-10,0.061
2012-07-11,0.049
2012-07-12,0.072
2012-07-13,0.279
2012-07-14,0.474
2012-07-15,0.977
2012-07-16,0.264
2012-07-17,0.165
2012-07-18,0.132
2012-07-19,0.113
2012-07-20,0.105
2012-07-21,0.084
2012-07-22,0.069
2012-07-23,0.066
2012-07-24,0.046
2012-07-25,0.037
2012-07-26,0.034
2012-07-27,0.345
2012-07-28,0.685
2012-07-29,0.138
2012-07-30,0.135
2012-07-31,0.089
2012-08-01,0.079
2012-08-02,0.103
2012-08-03,0.07
2012-08-04,0.09
2012-08-05,0.136
2012-08-06,0.073
2012-08-07,0.056
2012-08-08,0.049
2012-08-09,0.036
2012-08-10,0.031
2012-08-11,0.027
2012-08-12,0.03
2012-08-13,0.028
2012-08-14,0.027
2012-08-15,0.029
2012-08-16,0.025
2012-08-17,0.018
2012-08-18,0.017
2012-08-19,0.02
2012-08-20,0.023
2012-08-21,0.016
2012-08-22,0.012
2012-08-23,0.013
2012-08-24,0.012
2012-08-25,0.019
2012-08-26,0.016
2012-08-27,0.014
2012-08-28,0.009
2012-08-29,0.008
2012-08-30,0.008
2012-08-31,0.011
2012-09-01,0.016
2012-09-02,0.01
2012-09-03,0.017
2012-09-04,0.018
2012-09-05,0.019
2012-09-06,0.015
2012-09-07,0.012
2012-09-08,0.014
2012-09-09,0.017
2012-09-10,0.021
2012-09-11,0.09
2012-09-12,0.049
2012-09-13,0.033
2012-09-14,0.025
2012-09-15,0.026
2012-09-16,0.03
2012-09-17,0.029
2012-09-18,0.023
2012-09-19,0.019
2012-09-20,0.015
2012-09-21,0.023
2012-09-22,0.079
2012-09-23,0.029
2012-09-24,0.155
2012-09-25,0.118
2012-09-26,0.206
2012-09-27,0.107
2012-09-28,0.072
2012-09-29,0.054
2012-09-30,0.038
2012-10-01,0.035
2012-10-02,0.038
2012-10-03,0.043
2012-10-04,0.252
2012-10-05,0.122
2012-10-06,0.104
2012-10-07,0.188
2012-10-08,1.455
2012-10-09,2.858
2012-10-10,0.667
2012-10-11,1.778
2012-10-12,1.377
2012-10-13,0.773
2012-10-14,0.542
2012-10-15,0.313
2012-10-16,0.292
2012-10-17,0.66
2012-10-18,1.097
2012-10-19,3.652
2012-10-20,2.052
2012-10-21,1.655
2012-10-22,0.883
2012-10-23,0.542
2012-10-24,0.4
2012-10-25,0.348
2012-10-26,0.316
2012-10-27,0.263
2012-10-28,0.241
2012-10-29,0.213
2012-10-30,0.19
2012-10-31,0.179
2012-11-01,0.616
2012-11-02,0.448
2012-11-03,0.704
2012-11-04,0.683
2012-11-05,0.515
2012-11-06,0.343
2012-11-07,0.275
2012-11-08,0.252
2012-11-09,0.239
2012-11-10,0.454
2012-11-11,0.363
2012-11-12,0.257
2012-11-13,0.225
2012-11-14,0.207
2012-11-15,0.195
2012-11-16,0.184
2012-11-17,0.191
2012-11-18,0.562
2012-11-19,0.367
2012-11-20,0.263
2012-11-21,0.217
2012-11-22,0.188
2012-11-23,1.289
2012-11-24,1.237
2012-11-25,0.553
2012-11-26,0.404
2012-11-27,0.323
2012-11-28,0.271
2012-11-29,0.227
2012-11-30,0.199
2012-12-01,0.182
2012-12-02,0.192
2012-12-03,0.901
2012-12-04,1.57
2012-12-05,1.058
2012-12-06,0.637
2012-12-07,2.031
2012-12-08,0.997
2012-12-09,0.663
2012-12-10,0.484
2012-12-11,0.38
2012-12-12,0.325
2012-12-13,0.365
2012-12-14,1.818
2012-12-15,1.619
2012-12-16,1.792
2012-12-17,1.049
2012-12-18,0.651
2012-12-19,2.134
2012-12-20,5.35
2012-12-21,2.719
2012-12-22,4.315
2012-12-23,2.321
2012-12-24,1.14
2012-12-25,1.198
2012-12-26,0.895
2012-12-27,1.471
2012-12-28,0.913
2012-12-29,0.831
2012-12-30,0.699
2012-12-31,0.721
2013-01-01,2.426
2013-01-02,1.022
2013-01-03,0.648
2013-01-04,0.475
2013-01-05,0.414
2013-01-06,0.372
2013-01-07,0.35
2013-01-08,0.32
2013-01-09,0.301
2013-01-10,0.889
2013-01-11,0.819
2013-01-12,1.107
2013-01-13,0.638
2013-01-14,0.533
2013-01-15,0.861
2013-01-16,0.502
2013-01-17,0.377
2013-01-18,0.351
2013-01-19,0.363
2013-01-20,0.363
2013-01-21,0.673
2013-01-22,2.217
2013-01-23,1.227
2013-01-24,0.715
2013-01-25,0.519
2013-01-26,1.135
2013-01-27,2.733
2013-01-28,1.129
2013-01-29,1.33
2013-01-30,1.592
2013-01-31,0.894
2013-02-01,3.309
2013-02-02,2.013
2013-02-03,0.943
2013-02-04,0.911
2013-02-05,0.993
2013-02-06,1.065
2013-02-07,0.643
2013-02-08,0.661
2013-02-09,0.681
2013-02-10,3.713
2013-02-11,3.26
2013-02-12,1.166
2013-02-13,0.756
2013-02-14,0.741
2013-02-15,0.545
2013-02-16,0.426
2013-02-17,0.375
2013-02-18,0.329
2013-02-19,0.286
2013-02-20,0.253
2013-02-21,0.224
2013-02-22,0.2
2013-02-23,0.183
2013-02-24,0.178
2013-02-25,0.169
2013-02-26,0.172
2013-02-27,0.156
2013-02-28,0.155
2013-03-01,0.15
2013-03-02,0.143
2013-03-03,0.136
2013-03-04,0.133
2013-03-05,0.138
2013-03-06,0.145
2013-03-07,0.157
2013-03-08,0.619
2013-03-09,0.332
2013-03-10,0.681
2013-03-11,4.566
2013-03-12,3.616
2013-03-13,1.419
2013-03-14,0.979
2013-03-15,0.646
2013-03-16,0.754
2013-03-17,1.168
2013-03-18,0.893
2013-03-19,0.605
2013-03-20,0.532
2013-03-21,0.764
2013-03-22,1.166
2013-03-23,0.677
2013-03-24,0.477
2013-03-25,0.362
2013-03-26,0.307
2013-03-27,0.268
2013-03-28,0.233
2013-03-29,0.207
2013-03-30,0.204
2013-03-31,0.178
2013-04-01,0.165
2013-04-02,0.145
2013-04-03,0.132
2013-04-04,0.131
2013-04-05,0.133
2013-04-06,0.133
2013-04-07,0.117
2013-04-08,0.134
2013-04-09,0.626
2013-04-10,1.018
2013-04-11,1.567
2013-04-12,1.271
2013-04-13,0.904
2013-04-14,0.737
2013-04-15,0.442
2013-04-16,0.332
2013-04-17,0.292
2013-04-18,0.238
2013-04-19,0.191
2013-04-20,0.164
2013-04-21,0.151
2013-04-22,0.143
2013-04-23,0.141
2013-04-24,0.138
2013-04-25,0.134
2013-04-26,0.126
2013-04-27,0.114
2013-04-28,0.108
2013-04-29,0.089
2013-04-30,0.087
2013-05-01,0.095
2013-05-02,0.181
2013-05-03,0.114
2013-05-04,0.103
2013-05-05,0.101
2013-05-06,0.1
2013-05-07,0.096
2013-05-08,0.106
2013-05-09,0.092
2013-05-10,0.08
2013-05-11,0.085
2013-05-12,0.088
2013-05-13,0.085
2013-05-14,0.082
2013-05-15,0.101
2013-05-16,0.096
2013-05-17,0.095
2013-05-18,0.082
2013-05-19,0.142
2013-05-20,0.174
2013-05-21,0.283
2013-05-22,0.165
2013-05-23,0.11
2013-05-24,0.114
2013-05-25,0.115
2013-05-26,0.098
2013-05-27,0.088
2013-05-28,0.137
2013-05-29,0.107
2013-05-30,0.126
2013-05-31,0.132
2013-06-01,0.095
2013-06-02,0.078
2013-06-03,0.069
2013-06-04,0.06
2013-06-05,0.057
2013-06-06,0.06
2013-06-07,0.061
2013-06-08,0.089
2013-06-09,0.067
2013-06-10,0.06
2013-06-11,0.058
2013-06-12,0.062
2013-06-13,0.064
2013-06-14,0.048
2013-06-15,0.042
2013-06-16,0.046
2013-06-17,0.093
2013-06-18,0.067
2013-06-19,0.076
2013-06-20,0.094
2013-06-21,0.091
2013-06-22,0.085
2013-06-23,0.076
2013-06-24,0.058
2013-06-25,0.053
2013-06-26,0.042
2013-06-27,0.038
2013-06-28,0.042
2013-06-29,0.044
2013-06-30,0.044
2013-07-01,0.04
2013-07-02,0.035
2013-07-03,0.047
2013-07-04,0.042
2013-07-05,0.038
2013-07-06,0.036
2013-07-07,0.035
2013-07-08,0.029
2013-07-09,0.022
2013-07-10,0.017
2013-07-11,0.013
2013-07-12,0.017
2013-07-13,0.02
2013-07-14,0.023
2013-07-15,0.02
2013-07-16,0.015
2013-07-17,0.014
2013-07-18,0.01
2013-07-19,0.013
2013-07-20,0.014
2013-07-21,0.028
2013-07-22,0.134
2013-07-23,0.042
2013-07-24,0.03
2013-07-25,0.025
2013-07-26,0.022
2013-07-27,0.153
2013-07-28,0.177
2013-07-29,0.094
2013-07-30,0.064
2013-07-31,0.044
2013-08-01,0.032
2013-08-02,0.025
2013-08-03,0.026
2013-08-04,0.027
2013-08-05,0.024
2013-08-06,0.019
2013-08-07,0.02
2013-08-08,0.02
2013-08-09,0.021
2013-08-10,0.022
2013-08-11,0.022
2013-08-12,0.023
2013-08-13,0.022
2013-08-14,0.021
2013-08-15,0.021
2013-08-16,0.022
2013-08-17,0.019
2013-08-18,0.025
2013-08-19,0.024
2013-08-20,0.02
2013-08-21,0.019
2013-08-22,0.017
2013-08-23,0.017
2013-08-24,0.019
2013-08-25,0.032
2013-08-26,0.025
2013-08-27,0.019
2013-08-28,0.016
2013-08-29,0.018
2013-08-30,0.015
2013-08-31,0.013
2013-09-01,0.016
2013-09-02,0.016
2013-09-03,0.01
2013-09-04,0.01
2013-09-05,0.015
2013-09-06,0.017
2013-09-07,0.019
2013-09-08,0.017
2013-09-09,0.016
2013-09-10,0.015
2013-09-11,0.013
2013-09-12,0.013
2013-09-13,0.016
2013-09-14,0.043
2013-09-15,0.027
2013-09-16,0.023
2013-09-17,0.021
2013-09-18,0.025
2013-09-19,0.024
2013-09-20,0.025
2013-09-21,0.024
2013-09-22,0.024
2013-09-23,0.023
2013-09-24,0.019
2013-09-25,0.018
2013-09-26,0.019
2013-09-27,0.021
2013-09-28,0.038
2013-09-29,0.034
2013-09-30,0.028
2013-10-01,0.032
2013-10-02,0.029
2013-10-03,0.085
2013-10-04,0.032
2013-10-05,0.027
2013-10-06,0.029
2013-10-07,0.028
2013-10-08,0.026
2013-10-09,0.026
2013-10-10,0.024
2013-10-11,0.024
2013-10-12,0.031
2013-10-13,0.024
2013-10-14,0.021
2013-10-15,0.086
2013-10-16,0.095
2013-10-17,0.062
2013-10-18,0.041
2013-10-19,0.054
2013-10-20,0.094
2013-10-21,0.078
2013-10-22,0.057
2013-10-23,0.103
2013-10-24,0.086
2013-10-25,0.081
2013-10-26,0.056
2013-10-27,0.174
2013-10-28,0.395
2013-10-29,0.148
2013-10-30,0.098
2013-10-31,0.087
2013-11-01,0.294
2013-11-02,0.479
2013-11-03,0.188
2013-11-04,0.443
2013-11-05,0.355
2013-11-06,0.266
2013-11-07,0.206
2013-11-08,0.347
2013-11-09,0.594
2013-11-10,1.002
2013-11-11,0.525
2013-11-12,0.587
2013-11-13,0.394
2013-11-14,0.286
2013-11-15,0.242
2013-11-16,0.199
2013-11-17,0.174
2013-11-18,0.156
2013-11-19,0.132
2013-11-20,0.131
2013-11-21,0.675
2013-11-22,0.365
2013-11-23,0.24
2013-11-24,0.189
2013-11-25,0.152
2013-11-26,0.129
2013-11-27,0.124
2013-11-28,0.116
2013-11-29,0.107
2013-11-30,0.103
2013-12-01,0.094
2013-12-02,0.084
2013-12-03,0.078
2013-12-04,0.074
2013-12-05,0.072
2013-12-06,0.075
2013-12-07,0.071
2013-12-08,0.067
2013-12-09,0.066
2013-12-10,0.065
2013-12-11,0.065
2013-12-12,0.067
2013-12-13,0.069
2013-12-14,0.082
2013-12-15,0.075
2013-12-16,0.073
2013-12-17,0.071
2013-12-18,0.07
2013-12-19,0.143
2013-12-20,0.167
2013-12-21,0.132
2013-12-22,0.151
2013-12-23,0.171
2013-12-24,4.637
2013-12-25,2.902
2013-12-26,1.06
2013-12-27,2.25
2013-12-28,3.037
2013-12-29,1.136
2013-12-30,0.884
2013-12-31,1.136
2014-01-01,1.473
2014-01-02,2.36
2014-01-03,1.162
2014-01-04,1.327
2014-01-05,1.239
2014-01-06,1.72
2014-01-07,1.092
2014-01-08,0.723
2014-01-09,0.565
2014-01-10,0.439
2014-01-11,0.382
2014-01-12,0.34
2014-01-13,0.348
2014-01-14,0.756
2014-01-15,0.524
2014-01-16,0.71
2014-01-17,1.039
2014-01-18,0.882
2014-01-19,0.609
2014-01-20,0.439
2014-01-21,0.356
2014-01-22,0.941
2014-01-23,0.679
2014-01-24,2.279
2014-01-25,2.171
2014-01-26,1.518
2014-01-27,1.37
2014-01-28,0.977
2014-01-29,1.072
2014-01-30,0.699
2014-01-31,0.559
2014-02-01,3.788
2014-02-02,1.288
2014-02-03,0.812
2014-02-04,0.643
2014-02-05,2.02
2014-02-06,2.58
2014-02-07,3.794
2014-02-08,3.253
2014-02-09,1.661
2014-02-10,1.181
2014-02-11,1.633
2014-02-12,2.179
2014-02-13,2.808
2014-02-14,2.433
2014-02-15,1.408
2014-02-16,0.962
2014-02-17,0.746
2014-02-18,0.569
2014-02-19,0.468
2014-02-20,0.517
2014-02-21,0.478
2014-02-22,1.617
2014-02-23,0.997
2014-02-24,0.627
2014-02-25,0.862
2014-02-26,0.796
2014-02-27,0.958
2014-02-28,2.308
2014-03-01,1.814
2014-03-02,0.972
2014-03-03,1.863
2014-03-04,1.266
2014-03-05,0.824
2014-03-06,0.54
2014-03-07,0.417
2014-03-08,0.345
2014-03-09,0.312
2014-03-10,0.292
2014-03-11,0.236
2014-03-12,0.212
2014-03-13,0.195
2014-03-14,0.183
2014-03-15,0.17
2014-03-16,0.161
2014-03-17,0.155
2014-03-18,0.15
2014-03-19,0.142
2014-03-20,0.138
2014-03-21,0.189
2014-03-22,0.18
2014-03-23,0.179
2014-03-24,0.163
2014-03-25,0.209
2014-03-26,0.171
2014-03-27,0.152
2014-03-28,0.145
2014-03-29,0.135
2014-03-30,0.122
2014-03-31,0.118
2014-04-01,0.111
2014-04-02,0.109
2014-04-03,0.142
2014-04-04,0.126
2014-04-05,0.11
2014-04-06,0.108
2014-04-07,0.108
2014-04-08,0.115
2014-04-09,0.1
2014-04-10,0.095
2014-04-11,0.09
2014-04-12,0.09
2014-04-13,0.091
2014-04-14,0.085
2014-04-15,0.078
2014-04-16,0.077
2014-04-17,0.073
2014-04-18,0.072
2014-04-19,0.077
2014-04-20,0.081
2014-04-21,0.083
2014-04-22,0.074
2014-04-23,0.075
2014-04-24,0.086
2014-04-25,0.076
2014-04-26,0.085
2014-04-27,0.191
2014-04-28,0.324
2014-04-29,0.244
2014-04-30,0.189
2014-05-01,0.292
2014-05-02,0.289
2014-05-03,0.158
2014-05-04,0.121
2014-05-05,0.102
2014-05-06,0.102
2014-05-07,0.104
2014-05-08,0.097
2014-05-09,0.093
2014-05-10,0.102
2014-05-11,0.102
2014-05-12,0.094
2014-05-13,0.107
2014-05-14,0.09
2014-05-15,0.07
2014-05-16,0.06
2014-05-17,0.06
2014-05-18,0.061
2014-05-19,0.054
2014-05-20,0.108
2014-05-21,0.089
2014-05-22,0.114
2014-05-23,0.082
2014-05-24,0.089
2014-05-25,0.076
2014-05-26,0.063
2014-05-27,0.059
2014-05-28,0.06
2014-05-29,0.07
2014-05-30,0.057
2014-05-31,0.053
2014-06-01,0.052
2014-06-02,0.052
2014-06-03,0.042
2014-06-04,0.136
2014-06-05,0.082
2014-06-06,0.055
2014-06-07,0.099
2014-06-08,0.065
2014-06-09,0.068
2014-06-10,0.057
2014-06-11,0.043
2014-06-12,0.035
2014-06-13,0.038
2014-06-14,0.046
2014-06-15,0.047
2014-06-16,0.04
2014-06-17,0.035
2014-06-18,0.038
2014-06-19,0.037
2014-06-20,0.036
2014-06-21,0.035
2014-06-22,0.034
2014-06-23,0.029
2014-06-24,0.024
2014-06-25,0.025
2014-06-26,0.037
2014-06-27,0.06
2014-06-28,0.095
2014-06-29,0.118
2014-06-30,0.078
2014-07-01,0.059
2014-07-02,0.046
2014-07-03,0.025
2014-07-04,0.036
2014-07-05,0.059
2014-07-06,0.076
2014-07-07,0.054
2014-07-08,0.042
2014-07-09,0.042
2014-07-10,0.028
2014-07-11,0.025
2014-07-12,0.028
2014-07-13,0.035
2014-07-14,0.034
2014-07-15,0.024
2014-07-16,0.019
2014-07-17,0.016
2014-07-18,0.017
2014-07-19,0.029
2014-07-20,0.051
2014-07-21,0.034
2014-07-22,0.021
2014-07-23,0.019
2014-07-24,0.015
2014-07-25,0.019
2014-07-26,0.021
2014-07-27,0.024
2014-07-28,0.024
2014-07-29,0.032
2014-07-30,0.021
2014-07-31,0.016
2014-08-01,0.015
2014-08-02,0.021
2014-08-03,0.035
2014-08-04,0.02
2014-08-05,0.016
2014-08-06,0.098
2014-08-07,0.053
2014-08-08,0.103
2014-08-09,0.133
2014-08-10,0.121
2014-08-11,0.074
2014-08-12,0.05
2014-08-13,0.045
2014-08-14,0.078
2014-08-15,0.144
2014-08-16,0.068
2014-08-17,0.049
2014-08-18,0.037
2014-08-19,0.035
2014-08-20,0.03
2014-08-21,0.027
2014-08-22,0.025
2014-08-23,0.026
2014-08-24,0.027
2014-08-25,0.067
2014-08-26,0.19
2014-08-27,0.082
2014-08-28,0.077
2014-08-29,0.054
2014-08-30,0.044
2014-08-31,0.038
2014-09-01,0.034
2014-09-02,0.028
2014-09-03,0.027
2014-09-04,0.024
2014-09-05,0.027
2014-09-06,0.038
2014-09-07,0.033
2014-09-08,0.03
2014-09-09,0.027
2014-09-10,0.026
2014-09-11,0.025
2014-09-12,0.029
2014-09-13,0.022
2014-09-14,0.03
2014-09-15,0.024
2014-09-16,0.014
2014-09-17,0.015
2014-09-18,0.02
2014-09-19,0.02
2014-09-20,0.024
2014-09-21,0.023
2014-09-22,0.021
2014-09-23,0.017
2014-09-24,0.018
2014-09-25,0.023
2014-09-26,0.017
2014-09-27,0.016
2014-09-28,0.018
2014-09-29,0.019
2014-09-30,0.016
2014-10-01,0.019
2014-10-02,0.018
2014-10-03,0.02
2014-10-04,0.018
2014-10-05,0.024
2014-10-06,0.039
2014-10-07,0.04
2014-10-08,0.063
2014-10-09,0.069
2014-10-10,0.036
2014-10-11,0.037
2014-10-12,0.041
2014-10-13,0.107
2014-10-14,0.049
2014-10-15,0.038
2014-10-16,0.056
2014-10-17,0.063
2014-10-18,0.043
2014-10-19,0.038
2014-10-20,0.035
2014-10-21,0.032
2014-10-22,0.029
2014-10-23,0.031
2014-10-24,0.027
2014-10-25,0.028
2014-10-26,0.027
2014-10-27,0.024
2014-10-28,0.022
2014-10-29,0.021
2014-10-30,0.02
2014-10-31,0.02
2014-11-01,0.021
2014-11-02,0.027
2014-11-03,0.312
2014-11-04,0.169
2014-11-05,0.082
2014-11-06,0.065
2014-11-07,0.196
2014-11-08,0.121
2014-11-09,0.343
2014-11-10,0.164
2014-11-11,0.137
2014-11-12,0.366
2014-11-13,0.185
2014-11-14,0.174
2014-11-15,0.149
2014-11-16,0.162
2014-11-17,0.156
2014-11-18,0.275
2014-11-19,0.157
2014-11-20,0.131
2014-11-21,0.139
2014-11-22,0.099
2014-11-23,0.076
2014-11-24,0.075
2014-11-25,0.1
2014-11-26,0.143
2014-11-27,0.123
2014-11-28,0.112
2014-11-29,0.09
2014-11-30,0.074
2014-12-01,0.075
2014-12-02,0.067
2014-12-03,0.061
2014-12-04,0.068
2014-12-05,0.054
2014-12-06,0.046
2014-12-07,0.047
2014-12-08,0.053
2014-12-09,0.063
2014-12-10,0.065
2014-12-11,0.069
2014-12-12,0.192
2014-12-13,1.712
2014-12-14,0.581
2014-12-15,0.326
2014-12-16,0.353
2014-12-17,0.689
2014-12-18,0.452
2014-12-19,0.348
2014-12-20,0.343
2014-12-21,0.253
2014-12-22,0.21
2014-12-23,0.19
2014-12-24,0.186
2014-12-25,0.19
2014-12-26,0.2
2014-12-27,0.416
2014-12-28,0.354
2014-12-29,0.235
2014-12-30,0.189
2014-12-31,0.164
2015-01-01,0.145
2015-01-02,0.144
2015-01-03,0.16
2015-01-04,0.197
2015-01-05,0.201
2015-01-06,0.192
2015-01-07,0.193
2015-01-08,0.375
2015-01-09,0.42
2015-01-10,0.379
2015-01-11,0.376
2015-01-12,0.283
2015-01-13,0.276
2015-01-14,0.288
2015-01-15,0.974
2015-01-16,0.719
2015-01-17,0.435
2015-01-18,1.566
2015-01-19,1.943
2015-01-20,0.815
2015-01-21,0.649
2015-01-22,0.573
2015-01-23,0.399
2015-01-24,0.41
2015-01-25,0.321
2015-01-26,0.27
2015-01-27,0.244
2015-01-28,0.241
2015-01-29,0.351
2015-01-30,0.668
2015-01-31,1.021
2015-02-01,1.069
2015-02-02,0.782
2015-02-03,0.495
2015-02-04,0.356
2015-02-05,0.288
2015-02-06,0.242
2015-02-07,0.204
2015-02-08,0.178
2015-02-09,0.174
2015-02-10,0.165
2015-02-11,0.157
2015-02-12,0.149
2015-02-13,0.24
2015-02-14,0.462
2015-02-15,0.441
2015-02-16,0.565
2015-02-17,0.839
2015-02-18,0.409
2015-02-19,0.331
2015-02-20,1.438
2015-02-21,1.37
2015-02-22,0.698
2015-02-23,1.568
2015-02-24,0.939
2015-02-25,1.107
2015-02-26,1.616
2015-02-27,1.401
2015-02-28,0.855
2015-03-01,1.24
2015-03-02,0.83
2015-03-03,0.579
2015-03-04,0.43
2015-03-05,0.348
2015-03-06,0.305
2015-03-07,0.265
2015-03-08,0.236
2015-03-09,0.211
2015-03-10,0.211
2015-03-11,0.247
2015-03-12,0.207
2015-03-13,0.196
2015-03-14,0.183
2015-03-15,0.158
2015-03-16,0.149
2015-03-17,0.141
2015-03-18,0.135
2015-03-19,0.121
2015-03-20,0.122
2015-03-21,0.123
2015-03-22,0.115
2015-03-23,0.105
2015-03-24,0.111
2015-03-25,0.104
2015-03-26,0.115
2015-03-27,0.104
2015-03-28,0.123
2015-03-29,0.117
2015-03-30,0.305
2015-03-31,0.193
2015-04-01,0.136
2015-04-02,0.121
2015-04-03,0.158
2015-04-04,0.182
2015-04-05,0.142
2015-04-06,0.117
2015-04-07,0.109
2015-04-08,0.107
2015-04-09,0.104
2015-04-10,0.101
2015-04-11,0.098
2015-04-12,0.095
2015-04-13,0.092
2015-04-14,0.089
2015-04-15,0.086
2015-04-16,0.083
2015-04-17,0.08
2015-04-18,0.077
2015-04-19,0.075
2015-04-20,0.072
2015-04-21,0.069
2015-04-22,0.064
2015-04-23,0.058
2015-04-24,0.058
2015-04-25,0.067
2015-04-26,0.072
2015-04-27,0.068
2015-04-28,0.056
2015-04-29,0.054
2015-04-30,0.136
2015-05-01,0.369
2015-05-02,0.533
2015-05-03,1.032
2015-05-04,0.493
2015-05-05,1.104
2015-05-06,0.63
2015-05-07,0.376
2015-05-08,0.254
2015-05-09,0.192
2015-05-10,0.151
2015-05-11,0.121
2015-05-12,0.105
2015-05-13,0.094
2015-05-14,0.104
2015-05-15,0.088
2015-05-16,0.08
2015-05-17,0.071
2015-05-18,0.07
2015-05-19,0.094
2015-05-20,0.095
2015-05-21,0.07
2015-05-22,0.064
2015-05-23,0.067
2015-05-24,0.067
2015-05-25,0.064
2015-05-26,0.057
2015-05-27,0.052
2015-05-28,0.052
2015-05-29,0.051
2015-05-30,0.051
2015-05-31,0.062
2015-06-01,0.077
2015-06-02,0.052
2015-06-03,0.051
2015-06-04,0.043
2015-06-05,0.04
2015-06-06,0.042
2015-06-07,0.04
2015-06-08,0.031
2015-06-09,0.022
2015-06-10,0.029
2015-06-11,0.043
2015-06-12,0.27
2015-06-13,0.162
2015-06-14,0.093
2015-06-15,0.078
2015-06-16,0.061
2015-06-17,0.053
2015-06-18,0.054
2015-06-19,0.049
2015-06-20,0.05
2015-06-21,0.048
2015-06-22,0.041
2015-06-23,0.036
2015-06-24,0.03
2015-06-25,0.032
2015-06-26,0.026
2015-06-27,0.022
2015-06-28,0.023
2015-06-29,0.02
2015-06-30,0.016
2015-07-01,0.018
2015-07-02,0.119
2015-07-03,0.053
2015-07-04,0.037
2015-07-05,0.201
2015-07-06,0.087
2015-07-07,0.071
2015-07-08,0.07
2015-07-09,0.042
2015-07-10,0.03
2015-07-11,0.029
2015-07-12,0.029
2015-07-13,0.026
2015-07-14,0.029
2015-07-15,0.032
2015-07-16,0.027
2015-07-17,0.022
2015-07-18,0.023
2015-07-19,0.029
2015-07-20,0.026
2015-07-21,0.021
2015-07-22,0.018
2015-07-23,0.015
2015-07-24,0.022
2015-07-25,0.061
2015-07-26,0.033
2015-07-27,0.032
2015-07-28,0.024
2015-07-29,0.032
2015-07-30,0.019
2015-07-31,0.017
2015-08-01,0.017
2015-08-02,0.018
2015-08-03,0.016
2015-08-04,0.011
2015-08-05,0.011
2015-08-06,0.012
2015-08-07,0.011
2015-08-08,0.013
2015-08-09,0.017
2015-08-10,0.015
2015-08-11,0.011
2015-08-12,0.015
2015-08-13,0.061
2015-08-14,0.038
2015-08-15,0.041
2015-08-16,0.023
2015-08-17,0.02
2015-08-18,0.018
2015-08-19,0.016
2015-08-20,0.016
2015-08-21,0.017
2015-08-22,0.015
2015-08-23,0.093
2015-08-24,0.195
2015-08-25,0.091
2015-08-26,0.06
2015-08-27,0.262
2015-08-28,0.168
2015-08-29,0.108
2015-08-30,0.091
2015-08-31,0.108
2015-09-01,0.086
2015-09-02,0.06
2015-09-03,0.049
2015-09-04,0.04
2015-09-05,0.029
2015-09-06,0.026
2015-09-07,0.024
2015-09-08,0.023
2015-09-09,0.022
2015-09-10,0.021
2015-09-11,0.032
2015-09-12,0.028
2015-09-13,0.031
2015-09-14,0.036
2015-09-15,0.032
2015-09-16,0.24
2015-09-17,0.172
2015-09-18,0.09
2015-09-19,0.099
2015-09-20,0.075
2015-09-21,0.055
2015-09-22,0.058
2015-09-23,0.051
2015-09-24,0.044
2015-09-25,0.04
2015-09-26,0.036
2015-09-27,0.038
2015-09-28,0.028
2015-09-29,0.02
2015-09-30,0.02
2015-10-01,0.018
2015-10-02,0.019
2015-10-03,0.019
2015-10-04,0.023
2015-10-05,0.062
2015-10-06,0.058
2015-10-07,0.043
2015-10-08,0.034
2015-10-09,0.03
2015-10-10,0.028
2015-10-11,0.027
2015-10-12,0.026
2015-10-13,0.024
2015-10-14,0.023
2015-10-15,0.022
2015-10-16,0.023
2015-10-17,0.022
2015-10-18,0.025
2015-10-19,0.024
2015-10-20,0.02
2015-10-21,0.023
2015-10-22,0.026
2015-10-23,0.027
2015-10-24,0.026
2015-10-25,0.028
2015-10-26,0.026
2015-10-27,0.032
2015-10-28,0.054
2015-10-29,0.033
2015-10-30,0.031
2015-10-31,0.031
2015-11-01,0.028
2015-11-02,0.026
2015-11-03,0.026
2015-11-04,0.053
2015-11-05,0.033
2015-11-06,0.11
2015-11-07,0.104
2015-11-08,0.058
2015-11-09,0.046
2015-11-10,0.042
2015-11-11,0.047
2015-11-12,0.048
2015-11-13,0.041
2015-11-14,0.037
2015-11-15,0.035
2015-11-16,0.035
2015-11-17,0.058
2015-11-18,0.057
2015-11-19,0.046
2015-11-20,0.539
2015-11-21,0.478
2015-11-22,0.219
2015-11-23,0.139
2015-11-24,0.13
2015-11-25,0.159
2015-11-26,0.157
2015-11-27,0.123
2015-11-28,0.114
2015-11-29,0.095
2015-11-30,0.092
2015-12-01,0.095
2015-12-02,0.083
2015-12-03,0.076
2015-12-04,0.069
2015-12-05,0.063
2015-12-06,0.059
2015-12-07,0.056
2015-12-08,0.097
2015-12-09,0.099
2015-12-10,0.079
2015-12-11,0.07
2015-12-12,0.065
2015-12-13,0.064
2015-12-14,0.055
2015-12-15,0.217
2015-12-16,0.324
2015-12-17,0.173
2015-12-18,0.134
2015-12-19,0.112
2015-12-20,0.096
2015-12-21,0.092
2015-12-22,0.138
2015-12-23,0.153
2015-12-24,0.198
2015-12-25,0.327
2015-12-26,0.213
2015-12-27,0.149
2015-12-28,0.122
2015-12-29,0.111
2015-12-30,0.121
2015-12-31,0.131
2016-01-01,0.122
2016-01-02,0.132
2016-01-03,0.828
2016-01-04,0.924
2016-01-05,0.371
2016-01-06,0.269
2016-01-07,1.764
2016-01-08,0.638
2016-01-09,0.739
2016-01-10,1.129
2016-01-11,1.351
2016-01-12,0.955
2016-01-13,0.554
2016-01-14,0.56
2016-01-15,0.633
2016-01-16,0.63
2016-01-17,0.435
2016-01-18,0.55
2016-01-19,0.585
2016-01-20,0.423
2016-01-21,0.333
2016-01-22,0.634
2016-01-23,0.577
2016-01-24,0.408
2016-01-25,0.35
2016-01-26,0.313
2016-01-27,0.566
2016-01-28,1.596
2016-01-29,0.642
2016-01-30,1.031
2016-01-31,1.501
2016-02-01,0.81
2016-02-02,0.594
2016-02-03,0.553
2016-02-04,0.419
2016-02-05,0.369
2016-02-06,0.353
2016-02-07,0.552
2016-02-08,0.525
2016-02-09,1.374
2016-02-10,1.046
2016-02-11,0.567
2016-02-12,0.984
2016-02-13,1.253
2016-02-14,0.849
2016-02-15,0.5
2016-02-16,0.364
2016-02-17,0.331
2016-02-18,0.48
2016-02-19,0.388
2016-02-20,0.359
2016-02-21,0.328
2016-02-22,0.333
2016-02-23,0.489
2016-02-24,0.999
2016-02-25,1.015
2016-02-26,0.57
2016-02-27,0.405
2016-02-28,0.294
2016-02-29,0.234
2016-03-01,0.245
2016-03-02,0.342
2016-03-03,1.371
2016-03-04,1.599
2016-03-05,1.576
2016-03-06,0.835
2016-03-07,0.547
2016-03-08,0.397
2016-03-09,2.875
2016-03-10,2.876
2016-03-11,1.007
2016-03-12,0.65
2016-03-13,0.471
2016-03-14,0.372
2016-03-15,0.318
2016-03-16,0.278
2016-03-17,0.247
2016-03-18,0.223
2016-03-19,0.207
2016-03-20,0.187
2016-03-21,0.164
2016-03-22,0.157
2016-03-23,0.148
2016-03-24,0.143
2016-03-25,0.163
2016-03-26,0.203
2016-03-27,0.658
2016-03-28,2.385
2016-03-29,0.797
2016-03-30,0.527
2016-03-31,0.819
2016-04-01,0.508
2016-04-02,0.376
2016-04-03,0.32
2016-04-04,0.287
2016-04-05,0.242
2016-04-06,0.218
2016-04-07,0.216
2016-04-08,0.368
2016-04-09,0.54
2016-04-10,0.586
2016-04-11,0.732
2016-04-12,0.491
2016-04-13,0.34
2016-04-14,0.305
2016-04-15,0.347
2016-04-16,0.268
2016-04-17,0.216
2016-04-18,0.182
2016-04-19,0.162
2016-04-20,0.151
2016-04-21,0.144
2016-04-22,0.159
2016-04-23,0.154
2016-04-24,0.136
2016-04-25,0.123
2016-04-26,0.119
2016-04-27,0.113
2016-04-28,0.111
2016-04-29,0.114
2016-04-30,0.189
2016-05-01,0.134
2016-05-02,0.109
2016-05-03,0.102
2016-05-04,0.094
2016-05-05,0.093
2016-05-06,0.088
2016-05-07,0.087
2016-05-08,0.084
2016-05-09,0.085
2016-05-10,0.086
2016-05-11,0.08
2016-05-12,0.149
2016-05-13,0.105
2016-05-14,0.087
2016-05-15,0.077
2016-05-16,0.071
2016-05-17,0.059
2016-05-18,0.089
2016-05-19,0.091
2016-05-20,0.066
2016-05-21,0.06
2016-05-22,0.187
2016-05-23,0.288
2016-05-24,0.117
2016-05-25,0.084
2016-05-26,0.075
2016-05-27,0.074
2016-05-28,0.071
2016-05-29,0.072
2016-05-30,0.06
2016-05-31,0.059
2016-06-01,0.058
2016-06-02,0.065
2016-06-03,0.061
2016-06-04,0.05
2016-06-05,0.043
2016-06-06,0.04
2016-06-07,0.046
2016-06-08,0.05
2016-06-09,0.044
2016-06-10,0.046
2016-06-11,0.124
2016-06-12,0.105
2016-06-13,0.093
2016-06-14,0.127
2016-06-15,0.285
2016-06-16,0.136
2016-06-17,0.117
2016-06-18,0.119
2016-06-19,0.09
2016-06-20,0.247
2016-06-21,0.389
2016-06-22,0.2
2016-06-23,2.631
2016-06-24,0.789
2016-06-25,0.362
2016-06-26,0.255
2016-06-27,0.193
2016-06-28,0.173
2016-06-29,0.154
2016-06-30,0.144
2016-07-01,0.135
2016-07-02,0.126
2016-07-03,0.116
2016-07-04,0.104
2016-07-05,0.091
2016-07-06,0.07
2016-07-07,0.062
2016-07-08,0.054
2016-07-09,0.055
2016-07-10,0.059
2016-07-11,0.054
2016-07-12,0.052
2016-07-13,0.057
2016-07-14,0.058
2016-07-15,0.05
2016-07-16,0.048
2016-07-17,0.047
2016-07-18,0.047
2016-07-19,0.035
2016-07-20,0.032
2016-07-21,0.028
2016-07-22,0.025
2016-07-23,0.027
2016-07-24,0.029
2016-07-25,0.029
2016-07-26,0.024
2016-07-27,0.026
2016-07-28,0.095
2016-07-29,0.043
2016-07-30,0.038
2016-07-31,0.035
2016-08-01,0.03
2016-08-02,0.025
2016-08-03,0.028
2016-08-04,0.033
2016-08-05,0.028
2016-08-06,0.024
2016-08-07,0.028
2016-08-08,0.024
2016-08-09,0.021
2016-08-10,0.019
2016-08-11,0.02
2016-08-12,0.022
2016-08-13,0.02
2016-08-14,0.022
2016-08-15,0.02
2016-08-16,0.019
2016-08-17,0.016
2016-08-18,0.023
2016-08-19,0.022
2016-08-20,0.024
2016-08-21,0.02
2016-08-22,0.02
2016-08-23,0.017
2016-08-24,0.014
2016-08-25,0.012
2016-08-26,0.015
2016-08-27,0.015
2016-08-28,0.019
2016-08-29,0.018
2016-08-30,0.015
2016-08-31,0.013
2016-09-01,0.013
2016-09-02,0.014
2016-09-03,0.015
2016-09-04,0.018
2016-09-05,0.018
2016-09-06,0.013
2016-09-07,0.014
2016-09-08,0.015
2016-09-09,0.014
2016-09-10,0.014
2016-09-11,0.019
2016-09-12,0.028
2016-09-13,0.018
2016-09-14,0.105
2016-09-15,0.025
2016-09-16,0.127
2016-09-17,0.05
2016-09-18,0.025
2016-09-19,0.019
2016-09-20,0.066
2016-09-21,0.051
2016-09-22,0.049
2016-09-23,0.047
2016-09-24,0.027
2016-09-25,0.025
2016-09-26,0.023
2016-09-27,0.02
2016-09-28,0.024
2016-09-29,0.021
2016-09-30,0.021
2016-10-01,0.022
2016-10-02,0.021
2016-10-03,0.02
2016-10-04,0.016
2016-10-05,0.015
2016-10-06,0.015
2016-10-07,0.014
2016-10-08,0.016
2016-10-09,0.018
2016-10-10,0.018
2016-10-11,0.014
2016-10-12,0.015
2016-10-13,0.016
2016-10-14,0.014
2016-10-15,0.021
2016-10-16,0.045
2016-10-17,0.031
2016-10-18,0.02
2016-10-19,0.019
2016-10-20,0.019
2016-10-21,0.016
2016-10-22,0.016
2016-10-23,0.02
2016-10-24,0.04
2016-10-25,0.028
2016-10-26,0.023
2016-10-27,0.024
2016-10-28,0.02
2016-10-29,0.02
2016-10-30,0.026
2016-10-31,0.021
2016-11-01,0.016
2016-11-02,0.023
2016-11-03,0.028
2016-11-04,0.026
2016-11-05,0.043
2016-11-06,0.026
2016-11-07,0.024
2016-11-08,0.026
2016-11-09,0.126
2016-11-10,0.062
2016-11-11,0.054
2016-11-12,0.065
2016-11-13,0.068
2016-11-14,0.052
2016-11-15,0.073
2016-11-16,0.081
2016-11-17,0.081
2016-11-18,0.117
2016-11-19,0.072
2016-11-20,0.09
2016-11-21,0.099
2016-11-22,0.093
2016-11-23,0.072
2016-11-24,0.069
2016-11-25,0.054
2016-11-26,0.051
2016-11-27,0.05
2016-11-28,0.044
2016-11-29,0.04
2016-11-30,0.036
2016-12-01,0.034
2016-12-02,0.036
2016-12-03,0.035
2016-12-04,0.033
2016-12-05,0.032
2016-12-06,0.031
2016-12-07,0.03
2016-12-08,0.033
2016-12-09,0.031
2016-12-10,0.031
2016-12-11,0.033
2016-12-12,0.041
2016-12-13,0.04
2016-12-14,0.035
2016-12-15,0.031
2016-12-16,0.026
2016-12-17,0.028
2016-12-18,0.028
2016-12-19,0.03
2016-12-20,0.031
2016-12-21,0.031
2016-12-22,0.086
2016-12-23,0.055
2016-12-24,0.049
2016-12-25,0.043
2016-12-26,0.041
2016-12-27,0.04
2016-12-28,0.036
2016-12-29,0.035
2016-12-30,0.034
2016-12-31,0.032
2017-01-01,0.033
2017-01-02,0.035
2017-01-03,0.034
2017-01-04,0.031
2017-01-05,0.031
2017-01-06,0.03
2017-01-07,0.03
2017-01-08,0.036
2017-01-09,0.039
2017-01-10,0.06
2017-01-11,0.061
2017-01-12,0.069
2017-01-13,0.241
2017-01-14,0.152
2017-01-15,0.18
2017-01-16,0.274
2017-01-17,0.198
2017-01-18,0.134
2017-01-19,0.106
2017-01-20,0.087
2017-01-21,0.076
2017-01-22,0.062
2017-01-23,0.049
2017-01-24,0.044
2017-01-25,0.044
2017-01-26,0.052
2017-01-27,0.051
2017-01-28,0.053
2017-01-29,0.054
2017-01-30,0.073
2017-01-31,0.118
2017-02-01,0.32
2017-02-02,0.315
2017-02-03,0.313
2017-02-04,0.967
2017-02-05,0.974
2017-02-06,0.549
2017-02-07,0.601
2017-02-08,0.457
2017-02-09,0.303
2017-02-10,0.23
2017-02-11,0.187
2017-02-12,0.161
2017-02-13,0.139
2017-02-14,0.125
2017-02-15,0.114
2017-02-16,0.105
2017-02-17,0.099
2017-02-18,0.093
2017-02-19,0.087
2017-02-20,0.086
2017-02-21,0.086
2017-02-22,0.081
2017-02-23,0.086
2017-02-24,0.077
2017-02-25,0.07
2017-02-26,0.07
2017-02-27,0.322
2017-02-28,0.333
2017-03-01,0.386
2017-03-02,0.485
2017-03-03,0.312
2017-03-04,0.247
2017-03-05,0.29
2017-03-06,0.547
2017-03-07,0.47
2017-03-08,0.362
2017-03-09,0.301
2017-03-10,0.268
2017-03-11,0.229
2017-03-12,0.206
2017-03-13,0.202
2017-03-14,0.16
2017-03-15,0.147
2017-03-16,0.138
2017-03-17,0.126
2017-03-18,0.118
2017-03-19,0.11
2017-03-20,0.102
2017-03-21,0.095
2017-03-22,0.104
2017-03-23,0.1
2017-03-24,0.091
2017-03-25,0.082
2017-03-26,0.078
2017-03-27,0.07
2017-03-28,0.067
2017-03-29,0.058
2017-03-30,0.056
2017-03-31,0.056
2017-04-01,0.06
2017-04-02,0.064
2017-04-03,0.055
2017-04-04,0.051
2017-04-05,0.049
2017-04-06,0.046
2017-04-07,0.042
2017-04-08,0.044
2017-04-09,0.045
2017-04-10,0.04
2017-04-11,0.037
2017-04-12,0.036
2017-04-13,0.037
2017-04-14,0.036
2017-04-15,0.039
2017-04-16,0.04
2017-04-17,0.039
2017-04-18,0.035
2017-04-19,0.031
2017-04-20,0.029
2017-04-21,0.028
2017-04-22,0.031
2017-04-23,0.032
2017-04-24,0.029
2017-04-25,0.028
2017-04-26,0.037
2017-04-27,0.035
2017-04-28,0.031
2017-04-29,0.039
2017-04-30,0.084
2017-05-01,0.147
2017-05-02,0.332
2017-05-03,0.127
2017-05-04,0.087
2017-05-05,0.066
2017-05-06,0.412
2017-05-07,0.342
2017-05-08,0.172
2017-05-09,0.117
2017-05-10,0.09
2017-05-11,0.085
2017-05-12,0.076
2017-05-13,0.07
2017-05-14,0.058
2017-05-15,0.046
2017-05-16,0.04
2017-05-17,0.051
2017-05-18,0.092
2017-05-19,0.071
2017-05-20,0.115
2017-05-21,0.073
2017-05-22,0.059
2017-05-23,0.05
2017-05-24,0.044
2017-05-25,0.038
2017-05-26,0.032
2017-05-27,0.03
2017-05-28,0.032
2017-05-29,0.06
2017-05-30,0.082
2017-05-31,0.045
2017-06-01,0.04
2017-06-02,0.035
2017-06-03,0.035
2017-06-04,0.031
2017-06-05,0.03
2017-06-06,0.094
2017-06-07,0.066
2017-06-08,0.034
2017-06-09,0.032
2017-06-10,0.025
2017-06-11,0.027
2017-06-12,0.025
2017-06-13,0.022
2017-06-14,0.018
2017-06-15,0.02
2017-06-16,0.017
2017-06-17,0.016
2017-06-18,0.019
2017-06-19,0.019
2017-06-20,0.014
2017-06-21,0.012
2017-06-22,0.012
2017-06-23,0.013
2017-06-24,0.014
2017-06-25,0.019
2017-06-26,0.02
2017-06-27,0.02
2017-06-28,0.024
2017-06-29,0.024
2017-06-30,0.073
2017-07-01,0.054
2017-07-02,0.031
2017-07-03,0.031
2017-07-04,0.021
2017-07-05,0.017
2017-07-06,0.017
2017-07-07,0.021
2017-07-08,0.022
2017-07-09,0.026
2017-07-10,0.039
2017-07-11,0.019
2017-07-12,0.026
2017-07-13,0.021
2017-07-14,0.016
2017-07-15,0.017
2017-07-16,0.016
2017-07-17,0.016
2017-07-18,0.013
2017-07-19,0.012
2017-07-20,0.013
2017-07-21,0.013
2017-07-22,0.019
2017-07-23,0.018
2017-07-24,0.039
2017-07-25,0.018
2017-07-26,0.024
2017-07-27,0.024
2017-07-28,0.017
2017-07-29,0.017
2017-07-30,0.02
2017-07-31,0.017
2017-08-01,0.015
2017-08-02,0.014
2017-08-03,0.016
2017-08-04,0.016
2017-08-05,0.019
2017-08-06,0.012
2017-08-07,0.013
2017-08-08,0.015
2017-08-09,0.029
2017-08-10,0.033
2017-08-11,0.028
2017-08-12,0.021
2017-08-13,0.019
2017-08-14,0.023
2017-08-15,0.018
2017-08-16,0.017
2017-08-17,0.016
2017-08-18,0.029
2017-08-19,0.02
2017-08-20,0.02
2017-08-21,0.016
2017-08-22,0.014
2017-08-23,0.013
2017-08-24,0.01
2017-08-25,0.011
2017-08-26,0.011
2017-08-27,0.011
2017-08-28,0.01
2017-08-29,0.007
2017-08-30,0.01
2017-08-31,0.015
2017-09-01,0.05
2017-09-02,0.024
2017-09-03,0.017
2017-09-04,0.034
2017-09-05,0.017
2017-09-06,0.016
2017-09-07,0.016
2017-09-08,0.044
2017-09-09,0.113
2017-09-10,0.055
2017-09-11,0.04
2017-09-12,0.032
2017-09-13,0.096
2017-09-14,0.175
2017-09-15,0.073
2017-09-16,0.049
2017-09-17,0.034
2017-09-18,0.025
2017-09-19,0.023
2017-09-20,0.03
2017-09-21,0.044
2017-09-22,0.032
2017-09-23,0.025
2017-09-24,0.021
2017-09-25,0.041
2017-09-26,0.033
2017-09-27,0.027
2017-09-28,0.029
2017-09-29,0.025
2017-09-30,0.053
2017-10-01,0.028
2017-10-02,0.031
2017-10-03,0.044
2017-10-04,0.029
2017-10-05,0.026
2017-10-06,0.025
2017-10-07,0.022
2017-10-08,0.025
2017-10-09,0.029
2017-10-10,0.023
2017-10-11,0.021
2017-10-12,0.02
2017-10-13,0.019
2017-10-14,0.02
2017-10-15,0.02
2017-10-16,0.02
2017-10-17,0.018
2017-10-18,0.019
2017-10-19,0.023
2017-10-20,0.077
2017-10-21,0.049
2017-10-22,0.047
2017-10-23,0.041
2017-10-24,0.054
2017-10-25,0.041
2017-10-26,0.029
2017-10-27,0.033
2017-10-28,0.03
2017-10-29,0.027
2017-10-30,0.026
2017-10-31,0.024
2017-11-01,0.022
2017-11-02,0.022
2017-11-03,0.023
2017-11-04,0.028
2017-11-05,0.068
2017-11-06,0.061
2017-11-07,0.042
2017-11-08,0.132
2017-11-09,0.062
2017-11-10,0.05
2017-11-11,0.054
2017-11-12,0.077
2017-11-13,0.064
2017-11-14,0.049
2017-11-15,0.041
2017-11-16,0.037
2017-11-17,0.035
2017-11-18,0.031
2017-11-19,0.029
2017-11-20,0.027
2017-11-21,0.027
2017-11-22,0.026
2017-11-23,0.05
2017-11-24,0.138
2017-11-25,0.09
2017-11-26,0.106
2017-11-27,0.082
2017-11-28,0.267
2017-11-29,0.149
2017-11-30,0.105
2017-12-01,0.105
2017-12-02,0.107
2017-12-03,0.092
2017-12-04,0.078
2017-12-05,0.072
2017-12-06,0.069
2017-12-07,0.083
2017-12-08,0.106
2017-12-09,0.12
2017-12-10,1.075
2017-12-11,2.226
2017-12-12,0.651
2017-12-13,0.462
2017-12-14,0.536
2017-12-15,0.424
2017-12-16,0.296
2017-12-17,0.274
2017-12-18,0.243
2017-12-19,0.2
2017-12-20,0.174
2017-12-21,0.162
2017-12-22,0.163
2017-12-23,0.169
2017-12-24,0.171
2017-12-25,0.181
2017-12-26,0.311
2017-12-27,0.912
2017-12-28,0.458
2017-12-29,0.426
2017-12-30,1.212
2017-12-31,0.758
2018-01-01,2.372
2018-01-02,1.308
2018-01-03,1.131
2018-01-04,2.56
2018-01-05,1.353
2018-01-06,0.805
2018-01-07,0.598
2018-01-08,0.487
2018-01-09,0.433
2018-01-10,0.607
2018-01-11,0.434
2018-01-12,0.363
2018-01-13,0.326
2018-01-14,0.29
2018-01-15,0.597
2018-01-16,0.966
2018-01-17,0.894
2018-01-18,0.763
2018-01-19,0.679
2018-01-20,2.608
2018-01-21,1.4
2018-01-22,0.809
2018-01-23,0.589
2018-01-24,0.614
2018-01-25,0.838
2018-01-26,0.501
2018-01-27,0.4
2018-01-28,0.357
2018-01-29,0.344
2018-01-30,0.345
2018-01-31,0.748
2018-02-01,1.552
2018-02-02,0.782
2018-02-03,0.58
2018-02-04,0.645
2018-02-05,0.431
2018-02-06,0.376
2018-02-07,0.351
2018-02-08,0.363
2018-02-09,0.667
2018-02-10,0.477
2018-02-11,0.589
2018-02-12,0.457
2018-02-13,1.342
2018-02-14,1.133
2018-02-15,1.087
2018-02-16,0.807
2018-02-17,0.818
2018-02-18,0.936
2018-02-19,0.842
2018-02-20,0.665
2018-02-21,0.495
2018-02-22,0.408
2018-02-23,0.353
2018-02-24,0.309
2018-02-25,0.272
2018-02-26,0.237
2018-02-27,0.222
2018-02-28,0.243
2018-03-01,0.256
2018-03-02,0.419
2018-03-03,0.453
2018-03-04,0.451
2018-03-05,0.403
2018-03-06,0.41
2018-03-07,0.762
2018-03-08,1.103
2018-03-09,0.855
2018-03-10,0.668
2018-03-11,0.621
2018-03-12,0.858
2018-03-13,0.776
2018-03-14,0.554
2018-03-15,2.244
2018-03-16,0.982
2018-03-17,0.761
2018-03-18,0.741
2018-03-19,0.689
2018-03-20,0.463
2018-03-21,0.381
2018-03-22,0.344
2018-03-23,0.333
2018-03-24,0.367
2018-03-25,0.464
2018-03-26,0.358
2018-03-27,0.48
2018-03-28,0.794
2018-03-29,1.262
2018-03-30,2.885
2018-03-31,3.293
2018-04-01,1.069
2018-04-02,0.787
2018-04-03,0.74
2018-04-04,0.637
2018-04-05,0.495
2018-04-06,0.409
2018-04-07,0.379
2018-04-08,0.773
2018-04-09,0.709
2018-04-10,1.465
2018-04-11,0.684
2018-04-12,0.473
2018-04-13,0.382
2018-04-14,0.328
2018-04-15,0.299
2018-04-16,0.262
2018-04-17,0.222
2018-04-18,0.197
2018-04-19,0.183
2018-04-20,0.158
2018-04-21,0.151
2018-04-22,0.139
2018-04-23,0.126
2018-04-24,0.122
2018-04-25,0.117
2018-04-26,0.114
2018-04-27,0.113
2018-04-28,0.113
2018-04-29,0.163
2018-04-30,0.343
2018-05-01,0.194
2018-05-02,0.164
2018-05-03,0.171
2018-05-04,0.132
2018-05-05,0.117
2018-05-06,0.11
2018-05-07,0.099
2018-05-08,0.091
2018-05-09,0.083
2018-05-10,0.079
2018-05-11,0.073
2018-05-12,0.081
2018-05-13,0.083
2018-05-14,0.072
2018-05-15,0.062
2018-05-16,0.058
2018-05-17,0.055
2018-05-18,0.052
2018-05-19,0.055
2018-05-20,0.054
2018-05-21,0.052
2018-05-22,0.047
2018-05-23,0.041
2018-05-24,0.043
2018-05-25,0.06
2018-05-26,0.086
2018-05-27,0.112
2018-05-28,0.063
2018-05-29,0.063
2018-05-30,0.055
2018-05-31,0.052
2018-06-01,0.051
2018-06-02,0.043
2018-06-03,0.068
2018-06-04,0.598
2018-06-05,0.491
2018-06-06,0.248
2018-06-07,0.199
2018-06-08,0.141
2018-06-09,2.581
2018-06-10,1.906
2018-06-11,1.695
2018-06-12,5.134
2018-06-13,1.754
2018-06-14,0.704
2018-06-15,0.491
2018-06-16,0.359
2018-06-17,0.286
2018-06-18,0.251
2018-06-19,0.22
2018-06-20,0.195
2018-06-21,0.174
2018-06-22,0.147
2018-06-23,0.137
2018-06-24,0.128
2018-06-25,0.112
2018-06-26,0.096
2018-06-27,0.091
2018-06-28,0.089
2018-06-29,0.096
2018-06-30,0.095
2018-07-01,0.138
2018-07-02,0.526
2018-07-03,0.331
2018-07-04,0.169
2018-07-05,0.137
2018-07-06,0.169
2018-07-07,0.118
2018-07-08,0.105
2018-07-09,0.091
2018-07-10,0.082
2018-07-11,0.078
2018-07-12,0.079
2018-07-13,0.088
2018-07-14,0.077
2018-07-15,0.075
2018-07-16,0.064
2018-07-17,0.055
2018-07-18,0.052
2018-07-19,0.052
2018-07-20,0.054
2018-07-21,0.055
2018-07-22,0.054
2018-07-23,0.048
2018-07-24,0.045
2018-07-25,0.043
2018-07-26,0.041
2018-07-27,0.042
2018-07-28,0.046
2018-07-29,0.05
2018-07-30,0.055
2018-07-31,0.045
2018-08-01,0.038
2018-08-02,0.035
2018-08-03,0.033
2018-08-04,0.037
2018-08-05,0.041
2018-08-06,0.036
2018-08-07,0.034
2018-08-08,0.043
2018-08-09,0.051
2018-08-10,0.044
2018-08-11,0.04
2018-08-12,0.04
2018-08-13,0.055
2018-08-14,0.039
2018-08-15,0.04
2018-08-16,0.036
2018-08-17,0.035
2018-08-18,0.037
2018-08-19,0.038
2018-08-20,0.036
2018-08-21,0.031
2018-08-22,0.03
2018-08-23,0.032
2018-08-24,0.035
2018-08-25,0.035
2018-08-26,0.035
2018-08-27,0.037
2018-08-28,0.033
2018-08-29,0.082
2018-08-30,0.044
2018-08-31,0.039
2018-09-01,0.04
2018-09-02,0.043
2018-09-03,0.038
2018-09-04,0.03
2018-09-05,0.032
2018-09-06,0.033
2018-09-07,0.031
2018-09-08,0.032
2018-09-09,0.034
2018-09-10,0.029
2018-09-11,0.028
2018-09-12,0.033
2018-09-13,0.032
2018-09-14,0.021
2018-09-15,0.018
2018-09-16,0.024
2018-09-17,0.018
2018-09-18,0.015
2018-09-19,0.015
2018-09-20,0.015
2018-09-21,0.026
2018-09-22,0.022
2018-09-23,0.022
2018-09-24,0.023
2018-09-25,0.017
2018-09-26,0.015
2018-09-27,0.014
2018-09-28,0.017
2018-09-29,0.017
2018-09-30,0.018
2018-10-01,0.017
2018-10-02,0.014
2018-10-03,0.015
2018-10-04,0.014
2018-10-05,0.012
2018-10-06,0.016
2018-10-07,0.08
2018-10-08,0.03
2018-10-09,0.024
2018-10-10,0.021
2018-10-11,0.024
2018-10-12,0.03
2018-10-13,0.021
2018-10-14,0.021
2018-10-15,0.036
2018-10-16,0.023
2018-10-17,0.022
2018-10-18,0.022
2018-10-19,0.019
2018-10-20,0.019
2018-10-21,0.02
2018-10-22,0.019
2018-10-23,0.018
2018-10-24,0.018
2018-10-25,0.019
2018-10-26,0.019
2018-10-27,0.019
2018-10-28,0.021
2018-10-29,0.02
2018-10-30,0.019
2018-10-31,0.018
2018-11-01,0.022
2018-11-02,0.021
2018-11-03,0.019
2018-11-04,0.02
2018-11-05,0.021
2018-11-06,0.019
2018-11-07,0.081
2018-11-08,0.044
2018-11-09,0.029
2018-11-10,0.116
2018-11-11,0.091
2018-11-12,0.064
2018-11-13,0.046
2018-11-14,0.04
2018-11-15,0.033
2018-11-16,0.034
2018-11-17,0.034
2018-11-18,0.028
2018-11-19,0.024
2018-11-20,0.021
2018-11-21,0.025
2018-11-22,0.031
2018-11-23,0.036
2018-11-24,0.058
2018-11-25,0.159
2018-11-26,0.091
2018-11-27,0.072
2018-11-28,0.325
2018-11-29,0.15
2018-11-30,0.109
2018-12-01,0.113
2018-12-02,0.283
2018-12-03,0.499
2018-12-04,0.375
2018-12-05,0.209
2018-12-06,0.19
2018-12-07,0.357
2018-12-08,0.352
2018-12-09,0.212
2018-12-10,0.147
2018-12-11,0.124
2018-12-12,0.115
2018-12-13,0.106
2018-12-14,0.092
2018-12-15,0.147
2018-12-16,0.398
2018-12-17,0.457
2018-12-18,0.26
2018-12-19,0.41
2018-12-20,0.267
2018-12-21,0.676
2018-12-22,0.547
2018-12-23,0.323
2018-12-24,0.245
2018-12-25,0.203
2018-12-26,0.17
2018-12-27,0.14
2018-12-28,0.122
2018-12-29,0.118
2018-12-30,0.106
2018-12-31,0.102
2019-01-01,0.097
2019-01-02,0.093
2019-01-03,0.088
2019-01-04,0.085
2019-01-05,0.083
2019-01-06,0.086
2019-01-07,0.082
2019-01-08,0.085
2019-01-09,0.081
2019-01-10,0.077
2019-01-11,0.076
2019-01-12,0.084
2019-01-13,0.076
2019-01-14,0.072
2019-01-15,0.075
2019-01-16,0.084
2019-01-17,0.091
2019-01-18,0.084
2019-01-19,0.089
2019-01-20,0.14
2019-01-21,0.102
2019-01-22,0.194
2019-01-23,0.258
2019-01-24,0.196
2019-01-25,0.167
2019-01-26,0.175
2019-01-27,0.323
2019-01-28,0.288
2019-01-29,0.69
2019-01-30,2.086
2019-01-31,1.129
2019-02-01,0.951
2019-02-02,0.541
2019-02-03,0.363
2019-02-04,0.607
2019-02-05,0.662
2019-02-06,0.611
2019-02-07,1.074
2019-02-08,0.755
2019-02-09,1.126
2019-02-10,2.899
2019-02-11,1.116
2019-02-12,0.668
2019-02-13,0.5
2019-02-14,0.408
2019-02-15,0.358
2019-02-16,0.32
2019-02-17,0.295
2019-02-18,0.271
2019-02-19,0.243
2019-02-20,0.201
2019-02-21,0.174
2019-02-22,0.163
2019-02-23,0.156
2019-02-24,0.142
2019-02-25,0.124
2019-02-26,0.121
2019-02-27,0.119
2019-02-28,0.114
2019-03-01,0.107
2019-03-02,0.151
2019-03-03,0.131
2019-03-04,0.31
2019-03-05,0.249
2019-03-06,0.32
2019-03-07,0.544
2019-03-08,0.339
2019-03-09,0.293
2019-03-10,0.272
2019-03-11,0.209
2019-03-12,0.219
2019-03-13,0.245
2019-03-14,0.228
2019-03-15,0.315
2019-03-16,0.241
2019-03-17,0.342
2019-03-18,0.426
2019-03-19,0.45
2019-03-20,0.331
2019-03-21,0.265
2019-03-22,0.226
2019-03-23,0.192
2019-03-24,0.168
2019-03-25,0.148
2019-03-26,0.135
2019-03-27,0.122
2019-03-28,0.118
2019-03-29,0.113
2019-03-30,0.113
2019-03-31,0.106
2019-04-01,0.088
2019-04-02,0.1
2019-04-03,0.12
2019-04-04,0.103
2019-04-05,0.098
2019-04-06,0.095
2019-04-07,0.089
2019-04-08,0.08
2019-04-09,0.081
2019-04-10,0.074
2019-04-11,0.075
2019-04-12,0.067
2019-04-13,0.067
2019-04-14,0.064
2019-04-15,0.059
2019-04-16,0.066
2019-04-17,0.059
2019-04-18,0.054
2019-04-19,0.05
2019-04-20,0.051
2019-04-21,0.057
2019-04-22,0.053
2019-04-23,0.05
2019-04-24,0.074
2019-04-25,0.078
2019-04-26,0.07
2019-04-27,0.079
2019-04-28,0.059
2019-04-29,0.05
2019-04-30,0.044
2019-05-01,0.045
2019-05-02,0.044
2019-05-03,0.039
2019-05-04,0.042
2019-05-05,0.043
2019-05-06,0.039
2019-05-07,0.035
2019-05-08,0.07
2019-05-09,0.119
2019-05-10,0.089
2019-05-11,0.13
2019-05-12,0.092
2019-05-13,0.057
2019-05-14,0.036
2019-05-15,0.035
2019-05-16,0.037
2019-05-17,0.042
2019-05-18,0.038
2019-05-19,0.043
2019-05-20,0.038
2019-05-21,0.035
2019-05-22,0.034
2019-05-23,0.038
2019-05-24,0.04
2019-05-25,0.032
2019-05-26,0.033
2019-05-27,0.026
2019-05-28,0.026
2019-05-29,0.024
2019-05-30,0.024
2019-05-31,0.023
2019-06-01,0.023
2019-06-02,0.023
2019-06-03,0.022
2019-06-04,0.024
2019-06-05,0.03
2019-06-06,0.025
2019-06-07,0.093
2019-06-08,0.074
2019-06-09,0.038
2019-06-10,0.064
2019-06-11,0.056
2019-06-12,0.063
2019-06-13,0.064
2019-06-14,0.041
2019-06-15,0.032
2019-06-16,0.038
2019-06-17,0.032
2019-06-18,0.029
2019-06-19,0.034
2019-06-20,0.063
2019-06-21,0.029
2019-06-22,0.026
2019-06-23,0.025
2019-06-24,0.026
2019-06-25,0.038
2019-06-26,0.034
2019-06-27,0.026
2019-06-28,0.024
2019-06-29,0.021
2019-06-30,0.018
2019-07-01,0.019
2019-07-02,0.015
2019-07-03,0.013
2019-07-04,0.013
2019-07-05,0.011
2019-07-06,0.01
2019-07-07,0.01
2019-07-08,0.012
2019-07-09,0.01
2019-07-10,0.01
2019-07-11,0.01
2019-07-12,0.01
2019-07-13,0.011
2019-07-14,0.014
2019-07-15,0.014
2019-07-16,0.01
2019-07-17,0.01
2019-07-18,0.019
2019-07-19,0.04
2019-07-20,0.018
2019-07-21,0.016
2019-07-22,0.017
2019-07-23,0.011
2019-07-24,0.01
2019-07-25,0.009
2019-07-26,0.01
2019-07-27,0.017
2019-07-28,0.013
2019-07-29,0.013
2019-07-30,0.011
2019-07-31,0.012
2019-08-01,0.012
2019-08-02,0.013
2019-08-03,0.012
2019-08-04,0.012
2019-08-05,0.012
2019-08-06,0.039
2019-08-07,0.029
2019-08-08,0.014
2019-08-09,0.067
2019-08-10,0.054
2019-08-11,0.028
2019-08-12,0.03
2019-08-13,0.027
2019-08-14,0.023
2019-08-15,0.021
2019-08-16,0.021
2019-08-17,0.053
2019-08-18,0.1
2019-08-19,0.041
2019-08-20,0.03
2019-08-21,0.025
2019-08-22,0.022
2019-08-23,0.018
2019-08-24,0.017
2019-08-25,0.018
2019-08-26,0.018
2019-08-27,0.015
2019-08-28,0.014
2019-08-29,0.014
2019-08-30,0.012
2019-08-31,0.011
2019-09-01,0.015
2019-09-02,0.015
2019-09-03,0.014
2019-09-04,0.013
2019-09-05,0.012
2019-09-06,0.011
2019-09-07,0.011
2019-09-08,0.011
2019-09-09,0.014
2019-09-10,0.018
2019-09-11,0.019
2019-09-12,0.019
2019-09-13,0.012
2019-09-14,0.011
2019-09-15,0.012
2019-09-16,0.013
2019-09-17,0.015
2019-09-18,0.016
2019-09-19,0.015
2019-09-20,0.01
2019-09-21,0.008
2019-09-22,0.015
2019-09-23,0.017
2019-09-24,0.078
2019-09-25,0.033
2019-09-26,0.029
2019-09-27,0.037
2019-09-28,0.026
2019-09-29,0.026
2019-09-30,0.025
2019-10-01,0.085
2019-10-02,0.048
2019-10-03,0.029
2019-10-04,0.027
2019-10-05,0.025
2019-10-06,0.032
2019-10-07,0.057
2019-10-08,0.173
2019-10-09,0.09
2019-10-10,0.07
2019-10-11,0.051
2019-10-12,0.041
2019-10-13,0.036
2019-10-14,0.076
2019-10-15,0.093
2019-10-16,0.25
2019-10-17,0.305
2019-10-18,0.127
2019-10-19,0.146
2019-10-20,0.107
2019-10-21,0.131
2019-10-22,0.09
2019-10-23,0.079
2019-10-24,0.093
2019-10-25,0.085
2019-10-26,0.069
2019-10-27,0.205
2019-10-28,0.151
2019-10-29,0.135
2019-10-30,0.153
2019-10-31,0.729
2019-11-01,1.047
2019-11-02,0.641
2019-11-03,1.535
2019-11-04,0.978
2019-11-05,0.563
2019-11-06,0.389
2019-11-07,0.995
2019-11-08,0.698
2019-11-09,1.354
2019-11-10,3.578
2019-11-11,1.399
2019-11-12,0.937
2019-11-13,0.634
2019-11-14,1.02
2019-11-15,0.567
2019-11-16,0.894
2019-11-17,0.606
2019-11-18,0.432
2019-11-19,0.355
2019-11-20,0.318
2019-11-21,0.321
2019-11-22,0.375
2019-11-23,0.545
2019-11-24,0.383
2019-11-25,0.517
2019-11-26,0.896
2019-11-27,3.52
2019-11-28,1.146
2019-11-29,0.633
2019-11-30,0.486
2019-12-01,0.984
2019-12-02,0.632
2019-12-03,0.46
2019-12-04,0.402
2019-12-05,0.392
2019-12-06,0.45
2019-12-07,0.511
2019-12-08,1.196
2019-12-09,1.904
2019-12-10,0.887
2019-12-11,1.11
2019-12-12,1.702
2019-12-13,2.446
2019-12-14,1.216
2019-12-15,0.892
2019-12-16,0.889
2019-12-17,0.955
2019-12-18,0.647
2019-12-19,0.642
2019-12-20,3.794
2019-12-21,2.464
2019-12-22,2.644
2019-12-23,1.02
2019-12-24,1.422
2019-12-25,0.826
2019-12-26,0.616
2019-12-27,0.514
2019-12-28,0.459
2019-12-29,0.41
2019-12-30,0.376
2019-12-31,0.349
2020-01-01,0.36
2020-01-02,0.366
2020-01-03,0.35
2020-01-04,0.312
2020-01-05,0.296
2020-01-06,0.281
2020-01-07,0.26
2020-01-08,0.277
2020-01-09,0.613
2020-01-10,0.632
2020-01-11,0.395
2020-01-12,0.357
2020-01-13,0.352
2020-01-14,1.311
2020-01-15,1.409
2020-01-16,0.853
2020-01-17,1.036
2020-01-18,0.643
2020-01-19,0.474
2020-01-20,0.405
2020-01-21,0.365
2020-01-22,0.337
2020-01-23,0.309
2020-01-24,0.284
2020-01-25,0.266
2020-01-26,0.257
2020-01-27,0.999
2020-01-28,0.722
2020-01-29,0.445
2020-01-30,0.767
2020-01-31,0.654
2020-02-01,2.907
2020-02-02,2.423
2020-02-03,1.399
2020-02-04,1.459
2020-02-05,0.804
2020-02-06,0.609
2020-02-07,0.495
2020-02-08,0.532
2020-02-09,0.604
2020-02-10,0.794
2020-02-11,0.499
2020-02-12,0.429
2020-02-13,0.703
2020-02-14,0.51
2020-02-15,0.438
2020-02-16,1.236
2020-02-17,1.022
2020-02-18,0.661
2020-02-19,0.538
2020-02-20,0.495
2020-02-21,0.466
2020-02-22,0.392
2020-02-23,0.369
2020-02-24,0.366
2020-02-25,0.974
2020-02-26,0.547
2020-02-27,1.208
2020-02-28,0.656
2020-02-29,0.853
2020-03-01,2.44
2020-03-02,3.672
2020-03-03,1.385
2020-03-04,0.864
2020-03-05,3.474
2020-03-06,2.089
2020-03-07,1.091
2020-03-08,0.959
2020-03-09,0.941
2020-03-10,1.181
2020-03-11,0.846
2020-03-12,0.628
2020-03-13,0.528
2020-03-14,0.462
2020-03-15,0.419
2020-03-16,0.363
2020-03-17,0.328
2020-03-18,0.305
2020-03-19,0.296
2020-03-20,0.279
2020-03-21,0.264
2020-03-22,0.244
2020-03-23,0.222
2020-03-24,0.216
2020-03-25,0.199
2020-03-26,0.182
2020-03-27,0.168
2020-03-28,0.155
2020-03-29,0.145
2020-03-30,0.137
2020-03-31,0.133
2020-04-01,0.124
2020-04-02,0.122
2020-04-03,0.122
2020-04-04,0.116
2020-04-05,0.115
2020-04-06,0.113
2020-04-07,0.11
2020-04-08,0.102
2020-04-09,0.093
2020-04-10,0.085
2020-04-11,0.084
2020-04-12,0.084
2020-04-13,0.082
2020-04-14,0.072
2020-04-15,0.07
2020-04-16,0.07
2020-04-17,0.07
2020-04-18,0.075
2020-04-19,0.074
2020-04-20,0.073
2020-04-21,0.09
2020-04-22,0.069
2020-04-23,0.06
2020-04-24,0.063
2020-04-25,0.065
2020-04-26,0.059
2020-04-27,0.089
2020-04-28,0.154
2020-04-29,0.129
2020-04-30,0.181
2020-05-01,0.165
2020-05-02,0.118
2020-05-03,0.134
2020-05-04,0.103
2020-05-05,0.174
2020-05-06,0.118
2020-05-07,0.089
2020-05-08,0.08
2020-05-09,0.127
2020-05-10,0.307
2020-05-11,0.493
2020-05-12,0.182
2020-05-13,0.133
2020-05-14,0.104
2020-05-15,0.094
2020-05-16,0.072
2020-05-17,0.078
2020-05-18,0.071
2020-05-19,0.058
2020-05-20,0.052
2020-05-21,0.047
2020-05-22,0.051
2020-05-23,0.049
2020-05-24,0.046
2020-05-25,0.043
2020-05-26,0.035
2020-05-27,0.033
2020-05-28,0.031
2020-05-29,0.028
2020-05-30,0.03
2020-05-31,0.031
2020-06-01,0.029
2020-06-02,0.028
2020-06-03,0.023
2020-06-04,0.03
2020-06-05,0.029
2020-06-06,0.028
2020-06-07,0.029
2020-06-08,0.028
2020-06-09,0.026
2020-06-10,0.025
2020-06-11,0.056
2020-06-12,0.107
2020-06-13,0.08
2020-06-14,0.115
2020-06-15,0.177
2020-06-16,0.247
2020-06-17,0.235
2020-06-18,0.172
2020-06-19,0.14
2020-06-20,0.109
2020-06-21,0.084
2020-06-22,0.066
2020-06-23,0.051
2020-06-24,0.045
2020-06-25,0.038
2020-06-26,0.035
2020-06-27,0.04
2020-06-28,0.038
2020-06-29,0.034
2020-06-30,0.031
2020-07-01,0.024
2020-07-02,0.028
2020-07-03,0.021
2020-07-04,0.021
2020-07-05,0.027
2020-07-06,0.021
2020-07-07,0.018
2020-07-08,0.017
2020-07-09,0.017
2020-07-10,0.016
2020-07-11,0.017
2020-07-12,0.02
2020-07-13,0.019
2020-07-14,0.017
2020-07-15,0.023
2020-07-16,0.018
2020-07-17,0.018
2020-07-18,0.018
2020-07-19,0.021
2020-07-20,0.02
2020-07-21,0.015
2020-07-22,0.014
2020-07-23,0.031
2020-07-24,0.04
2020-07-25,0.041
2020-07-26,0.041
2020-07-27,0.031
2020-07-28,0.022
2020-07-29,0.02
2020-07-30,0.016
2020-07-31,0.014
2020-08-01,0.016
2020-08-02,0.019
2020-08-03,0.02
2020-08-04,0.014
2020-08-05,0.013
2020-08-06,0.015
2020-08-07,0.012
2020-08-08,0.017
2020-08-09,0.021
2020-08-10,0.019
2020-08-11,0.013
2020-08-12,0.06
2020-08-13,0.057
2020-08-14,0.041
2020-08-15,0.03
2020-08-16,0.046
2020-08-17,0.062
2020-08-18,0.036
2020-08-19,0.037
2020-08-20,0.036
2020-08-21,0.026
2020-08-22,0.023
2020-08-23,0.026
2020-08-24,0.023
2020-08-25,0.02
2020-08-26,0.02
2020-08-27,0.02
2020-08-28,0.032
2020-08-29,0.029
2020-08-30,0.023
2020-08-31,0.023
2020-09-01,0.019
2020-09-02,0.017
2020-09-03,0.016
2020-09-04,0.015
2020-09-05,0.017
2020-09-06,0.019
2020-09-07,0.02
2020-09-08,0.015
2020-09-09,0.016
2020-09-10,0.016
2020-09-11,0.019
2020-09-12,0.024
2020-09-13,0.024
2020-09-14,0.023
2020-09-15,0.017
2020-09-16,0.017
2020-09-17,0.017
2020-09-18,0.019
2020-09-19,0.097
2020-09-20,0.053
2020-09-21,0.043
2020-09-22,0.038
2020-09-23,0.13
2020-09-24,0.124
2020-09-25,0.13
2020-09-26,0.14
2020-09-27,0.087
2020-09-28,0.069
2020-09-29,0.066
2020-09-30,0.075
2020-10-01,0.248
2020-10-02,0.253
2020-10-03,0.135
2020-10-04,0.211
2020-10-05,0.148
2020-10-06,0.112
2020-10-07,0.089
2020-10-08,0.08
2020-10-09,0.087
2020-10-10,0.073
2020-10-11,0.072
2020-10-12,0.061
2020-10-13,0.08
2020-10-14,0.104
2020-10-15,0.053
2020-10-16,0.036
2020-10-17,0.031
2020-10-18,0.026
2020-10-19,0.023
2020-10-20,0.023
2020-10-21,0.24
2020-10-22,0.137
2020-10-23,0.102
2020-10-24,0.067
2020-10-25,0.805
2020-10-26,0.303
2020-10-27,0.231
2020-10-28,0.234
2020-10-29,0.184
2020-10-30,0.147
2020-10-31,0.145
2020-11-01,0.197
2020-11-02,0.277
2020-11-03,0.211
2020-11-04,0.151
2020-11-05,0.123
2020-11-06,0.116
2020-11-07,0.107
2020-11-08,0.09
2020-11-09,0.081
2020-11-10,0.072
2020-11-11,0.068
2020-11-12,0.067
2020-11-13,0.065
2020-11-14,0.07
2020-11-15,0.508
2020-11-16,0.311
2020-11-17,0.176
2020-11-18,0.132
2020-11-19,0.126
2020-11-20,0.108
2020-11-21,0.096
2020-11-22,0.092
2020-11-23,0.082
2020-11-24,0.078
2020-11-25,0.08
2020-11-26,0.077
2020-11-27,0.073
2020-11-28,0.068
2020-11-29,0.063
2020-11-30,0.061
2020-12-01,0.066
2020-12-02,0.064
2020-12-03,0.097
2020-12-04,0.252
2020-12-05,0.257
2020-12-06,0.26
2020-12-07,0.186
2020-12-08,0.157
2020-12-09,0.133
2020-12-10,1.028
2020-12-11,2.754
2020-12-12,1.065
2020-12-13,0.735
2020-12-14,1.647
2020-12-15,0.782
2020-12-16,0.5
2020-12-17,0.403
2020-12-18,0.35
2020-12-19,0.342
2020-12-20,0.31
2020-12-21,0.901
2020-12-22,1.189
2020-12-23,4.624
2020-12-24,1.979
2020-12-25,0.833
2020-12-26,0.634
2020-12-27,1.923
2020-12-28,2.132
2020-12-29,2.328
2020-12-30,0.97
2020-12-31,0.725
2021-01-01,0.532
2021-01-02,0.439
2021-01-03,0.409
2021-01-04,0.389
2021-01-05,0.368
2021-01-06,0.348
2021-01-07,0.327
2021-01-08,0.297
2021-01-09,0.286
2021-01-10,0.286
2021-01-11,0.274
2021-01-12,0.273
2021-01-13,0.302
2021-01-14,0.299
2021-01-15,0.303
2021-01-16,0.32
2021-01-17,0.574
2021-01-18,0.386
2021-01-19,0.368
2021-01-20,0.386
2021-01-21,1.058
2021-01-22,1.071
2021-01-23,0.939
2021-01-24,0.711
2021-01-25,0.585
2021-01-26,0.477
2021-01-27,1.256
2021-01-28,2.165
2021-01-29,1.316
2021-01-30,1.917
2021-01-31,1.583
2021-02-01,2.415
2021-02-02,1.848
2021-02-03,3.539
2021-02-04,1.673
2021-02-05,1.034
2021-02-06,0.955
2021-02-07,0.81
2021-02-08,0.646
2021-02-09,0.528
2021-02-10,0.553
2021-02-11,0.487
2021-02-12,0.454
2021-02-13,0.43
2021-02-14,0.408
2021-02-15,0.472
2021-02-16,0.454
2021-02-17,0.434
2021-02-18,0.41
2021-02-19,0.382
2021-02-20,0.348
2021-02-21,0.311
2021-02-22,0.308
2021-02-23,0.323
2021-02-24,0.265
2021-02-25,0.269
2021-02-26,0.233
2021-02-27,0.253
2021-02-28,0.225
2021-03-01,0.195
2021-03-02,0.18
2021-03-03,0.169
2021-03-04,0.157
2021-03-05,0.147
2021-03-06,0.135
2021-03-07,0.127
2021-03-08,0.118
2021-03-09,0.116
2021-03-10,0.119
2021-03-11,0.149
2021-03-12,0.144
2021-03-13,0.172
2021-03-14,0.179
2021-03-15,0.136
2021-03-16,0.123
2021-03-17,0.114
2021-03-18,0.11
2021-03-19,0.105
2021-03-20,0.098
2021-03-21,0.097
2021-03-22,0.094
2021-03-23,0.091
2021-03-24,0.088
2021-03-25,0.084
2021-03-26,0.099
2021-03-27,0.126
2021-03-28,0.092
2021-03-29,0.087
2021-03-30,0.079
2021-03-31,0.072
2021-04-01,0.076
2021-04-02,0.072
2021-04-03,0.071
2021-04-04,0.071
2021-04-05,0.069
2021-04-06,0.062
2021-04-07,0.062
2021-04-08,0.059
2021-04-09,0.058
2021-04-10,0.263
2021-04-11,0.206
2021-04-12,0.13
2021-04-13,0.118
2021-04-14,0.105
2021-04-15,0.086
2021-04-16,0.079
2021-04-17,0.079
2021-04-18,0.077
2021-04-19,0.07
2021-04-20,0.069
2021-04-21,0.059
2021-04-22,0.053
2021-04-23,0.053
2021-04-24,0.065
2021-04-25,0.06
2021-04-26,0.056
2021-04-27,0.055
2021-04-28,0.055
2021-04-29,0.053
2021-04-30,0.052
2021-05-01,0.043
2021-05-02,0.045
2021-05-03,0.045
2021-05-04,0.045
2021-05-05,0.048
2021-05-06,0.069
2021-05-07,0.073
2021-05-08,0.052
2021-05-09,0.071
2021-05-10,0.158
2021-05-11,0.066
2021-05-12,0.071
2021-05-13,0.221
2021-05-14,0.154
2021-05-15,0.151
2021-05-16,0.149
2021-05-17,0.121
2021-05-18,0.098
2021-05-19,0.085
2021-05-20,0.072
2021-05-21,0.064
2021-05-22,0.059
2021-05-23,0.072
2021-05-24,0.13
2021-05-25,0.103
2021-05-26,0.102
2021-05-27,0.097
2021-05-28,0.078
2021-05-29,0.066
2021-05-30,0.054
2021-05-31,0.047
2021-06-01,0.041
2021-06-02,0.05
2021-06-03,0.059
2021-06-04,0.169
2021-06-05,0.102
2021-06-06,0.069
2021-06-07,0.055
2021-06-08,0.044
2021-06-09,0.041
2021-06-10,0.037
2021-06-11,0.035
2021-06-12,0.037
2021-06-13,0.034
2021-06-14,0.03
2021-06-15,0.029
2021-06-16,0.03
2021-06-17,0.034
2021-06-18,0.289
2021-06-19,0.117
2021-06-20,0.101
2021-06-21,0.134
2021-06-22,0.119
2021-06-23,0.084
2021-06-24,0.065
2021-06-25,0.059
2021-06-26,0.111
2021-06-27,0.778
2021-06-28,0.327
2021-06-29,0.314
2021-06-30,0.165
2021-07-01,0.124
2021-07-02,0.093
2021-07-03,0.091
2021-07-04,0.102
2021-07-05,0.357
2021-07-06,0.245
2021-07-07,0.133
2021-07-08,0.103
2021-07-09,0.089
2021-07-10,0.089
2021-07-11,0.096
2021-07-12,0.12
2021-07-13,0.113
2021-07-14,0.094
2021-07-15,0.076
2021-07-16,0.066
2021-07-17,0.055
2021-07-18,0.051
2021-07-19,0.046
2021-07-20,0.041
2021-07-21,0.037
2021-07-22,0.034
2021-07-23,0.033
2021-07-24,0.055
2021-07-25,0.079
2021-07-26,0.054
2021-07-27,0.064
2021-07-28,0.136
2021-07-29,0.065
2021-07-30,0.056
2021-07-31,0.052
2021-08-01,0.048
2021-08-02,0.047
2021-08-03,0.047
2021-08-04,0.06
2021-08-05,0.059
2021-08-06,0.064
2021-08-07,0.085
2021-08-08,0.079
2021-08-09,0.072
2021-08-10,0.069
2021-08-11,0.061
2021-08-12,0.053
2021-08-13,0.047
2021-08-14,0.046
2021-08-15,0.042
2021-08-16,0.04
2021-08-17,0.038
2021-08-18,0.04
2021-08-19,0.04
2021-08-20,0.038
2021-08-21,0.053
2021-08-22,0.05
2021-08-23,0.04
2021-08-24,0.039
2021-08-25,0.032
2021-08-26,0.032
2021-08-27,0.032
2021-08-28,0.033
2021-08-29,0.031
2021-08-30,0.03
2021-08-31,0.028
2021-09-01,0.03
2021-09-02,0.029
2021-09-03,0.024
2021-09-04,0.025
2021-09-05,0.03
2021-09-06,0.024
2021-09-07,0.021
2021-09-08,0.022
2021-09-09,0.025
2021-09-10,0.026
2021-09-11,0.028
2021-09-12,0.027
2021-09-13,0.026
2021-09-14,0.024
2021-09-15,0.025
2021-09-16,0.024
2021-09-17,0.023
2021-09-18,0.025
2021-09-19,0.027
2021-09-20,0.027
2021-09-21,0.026
2021-09-22,0.021
2021-09-23,0.021
2021-09-24,0.025
2021-09-25,0.023
2021-09-26,0.025
2021-09-27,0.032
2021-09-28,0.027
2021-09-29,0.022
2021-09-30,0.022
2021-10-01,0.065
2021-10-02,0.144
2021-10-03,0.815
2021-10-04,0.206
2021-10-05,0.239
2021-10-06,0.154
2021-10-07,0.109
2021-10-08,0.096
2021-10-09,0.085
2021-10-10,0.071
2021-10-11,0.065
2021-10-12,0.053
2021-10-13,0.047
2021-10-14,0.045
2021-10-15,0.038
2021-10-16,0.043
2021-10-17,0.042
2021-10-18,0.04
2021-10-19,0.042
2021-10-20,0.042
2021-10-21,0.089
2021-10-22,0.069
2021-10-23,0.05
2021-10-24,0.047
2021-10-25,0.098
2021-10-26,0.246
2021-10-27,0.106
2021-10-28,0.089
2021-10-29,0.088
2021-10-30,0.073
2021-10-31,0.142
2021-11-01,0.16
2021-11-02,0.172
2021-11-03,0.313
2021-11-04,0.174
2021-11-05,0.135
2021-11-06,0.104
2021-11-07,0.076
2021-11-08,0.073
2021-11-09,0.064
2021-11-10,0.062
2021-11-11,0.055
2021-11-12,0.052
2021-11-13,0.054
2021-11-14,0.052
2021-11-15,0.049
2021-11-16,0.048
2021-11-17,0.051
2021-11-18,0.053
2021-11-19,0.043
2021-11-20,0.043
2021-11-21,0.054
2021-11-22,0.072
2021-11-23,0.052
2021-11-24,0.045
2021-11-25,0.045
2021-11-26,0.047
2021-11-27,0.273
2021-11-28,0.174
2021-11-29,0.111
2021-11-30,0.097
2021-12-01,0.17
2021-12-02,0.266
2021-12-03,0.406
2021-12-04,1.07
2021-12-05,1.007
2021-12-06,0.563
2021-12-07,0.569
2021-12-08,0.612
2021-12-09,0.419
2021-12-10,2.063
2021-12-11,1.31
2021-12-12,0.766
2021-12-13,0.504
2021-12-14,0.372
2021-12-15,0.304
2021-12-16,0.261
2021-12-17,0.223
2021-12-18,0.2
2021-12-19,0.176
2021-12-20,0.164
2021-12-21,0.146
2021-12-22,0.134
2021-12-23,0.127
2021-12-24,0.128
2021-12-25,0.138
2021-12-26,0.221
2021-12-27,0.849
2021-12-28,0.988
2021-12-29,1.544
2021-12-30,0.799
2021-12-31,0.459
2022-01-01,0.356
2022-01-02,0.297
2022-01-03,0.608
2022-01-04,4.084
2022-01-05,1.233
2022-01-06,0.624
2022-01-07,0.483
2022-01-08,0.892
2022-01-09,1.504
2022-01-10,1.313
2022-01-11,0.821
2022-01-12,0.551
2022-01-13,0.433
2022-01-14,0.369
2022-01-15,0.326
2022-01-16,0.294
2022-01-17,0.267
2022-01-18,0.251
2022-01-19,0.235
2022-01-20,0.222
2022-01-21,0.2
2022-01-22,0.191
2022-01-23,0.179
2022-01-24,0.168
2022-01-25,0.153
2022-01-26,0.148
2022-01-27,0.14
2022-01-28,0.13
2022-01-29,0.131
2022-01-30,0.139
2022-01-31,0.137
2022-02-01,0.13
2022-02-02,0.14
2022-02-03,0.14
2022-02-04,0.134
2022-02-05,0.126
2022-02-06,0.134
2022-02-07,0.18
2022-02-08,0.144
2022-02-09,0.136
2022-02-10,0.132
2022-02-11,0.117
2022-02-12,0.118
2022-02-13,0.125
2022-02-14,0.273
2022-02-15,0.339
2022-02-16,1.094
2022-02-17,0.703
2022-02-18,0.466
2022-02-19,0.361
2022-02-20,0.296
2022-02-21,0.282
2022-02-22,0.236
2022-02-23,0.211
2022-02-24,0.208
2022-02-25,0.174
2022-02-26,0.156
2022-02-27,0.149
2022-02-28,0.132
2022-03-01,0.126
2022-03-02,0.125
2022-03-03,0.131
2022-03-04,0.18
2022-03-05,0.138
2022-03-06,0.124
2022-03-07,0.114
2022-03-08,0.111
2022-03-09,0.107
2022-03-10,0.1
2022-03-11,0.15
2022-03-12,0.16
2022-03-13,0.192
2022-03-14,0.18
2022-03-15,0.336
2022-03-16,0.293
2022-03-17,0.254
2022-03-18,0.191
2022-03-19,0.159
2022-03-20,0.141
2022-03-21,0.123
2022-03-22,0.112
2022-03-23,0.101
2022-03-24,0.092
2022-03-25,0.088
2022-03-26,0.085
2022-03-27,0.082
2022-03-28,0.078
2022-03-29,0.08
2022-03-30,0.078
2022-03-31,0.078
2022-04-01,0.077
2022-04-02,0.07
2022-04-03,0.067
2022-04-04,0.067
2022-04-05,0.066
2022-04-06,0.067
2022-04-07,0.087
2022-04-08,0.51
2022-04-09,0.301
2022-04-10,0.164
2022-04-11,0.124
2022-04-12,0.1
2022-04-13,0.092
2022-04-14,0.085
2022-04-15,0.093
2022-04-16,0.085
2022-04-17,0.075
2022-04-18,0.071
2022-04-19,0.067
2022-04-20,0.059
2022-04-21,0.056
2022-04-22,0.054
2022-04-23,0.053
2022-04-24,0.055
2022-04-25,0.048
2022-04-26,0.042
2022-04-27,0.04
2022-04-28,0.035
2022-04-29,0.033
2022-04-30,0.035
2022-05-01,0.036
2022-05-02,0.035
2022-05-03,0.03
2022-05-04,0.029
2022-05-05,0.027
2022-05-06,0.029
2022-05-07,0.03
2022-05-08,0.032
2022-05-09,0.032
2022-05-10,0.021
2022-05-11,0.02
2022-05-12,0.02
2022-05-13,0.019
2022-05-14,0.019
2022-05-15,0.031
2022-05-16,0.038
2022-05-17,0.02
2022-05-18,0.02
2022-05-19,0.035
2022-05-20,0.037
2022-05-21,0.032
2022-05-22,0.026
2022-05-23,0.075
2022-05-24,0.113
2022-05-25,0.057
2022-05-26,0.045
2022-05-27,0.038
2022-05-28,0.037
2022-05-29,0.031
2022-05-30,0.028
2022-05-31,0.02
2022-06-01,0.022
2022-06-02,0.017
2022-06-03,0.022
2022-06-04,0.027
2022-06-05,0.023
2022-06-06,0.023
2022-06-07,0.021
2022-06-08,0.155
2022-06-09,0.051
2022-06-10,0.035
2022-06-11,0.031
2022-06-12,0.03
2022-06-13,0.026
2022-06-14,0.024
2022-06-15,0.018
2022-06-16,0.016
2022-06-17,0.018
2022-06-18,0.016
2022-06-19,0.019
2022-06-20,0.019
2022-06-21,0.015
2022-06-22,0.025
2022-06-23,0.15
2022-06-24,0.083
2022-06-25,0.052
2022-06-26,0.042
2022-06-27,0.032
2022-06-28,0.026
2022-06-29,0.02
2022-06-30,0.024
2022-07-01,0.019
2022-07-02,0.023
2022-07-03,0.022
2022-07-04,0.018
2022-07-05,0.013
2022-07-06,0.014
2022-07-07,0.012
2022-07-08,0.011
2022-07-09,0.011
2022-07-10,0.016
2022-07-11,0.013
2022-07-12,0.008
2022-07-13,0.008
2022-07-14,0.008
2022-07-15,0.008
2022-07-16,0.008
2022-07-17,0.012
2022-07-18,0.013
2022-07-19,0.007
2022-07-20,0.009
2022-07-21,0.011
2022-07-22,0.009
2022-07-23,0.01
2022-07-24,0.015
2022-07-25,0.012
2022-07-26,0.008
2022-07-27,0.007
2022-07-28,0.008
2022-07-29,0.008
2022-07-30,0.008
2022-07-31,0.008
2022-08-01,0.011
2022-08-02,0.014
2022-08-03,0.007
2022-08-04,0.007
2022-08-05,0.007
2022-08-06,0.006
2022-08-07,0.005
2022-08-08,0.01
2022-08-09,0.006
2022-08-10,0.007
2022-08-11,0.006
2022-08-12,0.006
2022-08-13,0.007
2022-08-14,0.125
2022-08-15,0.17
2022-08-16,0.068
2022-08-17,0.145
2022-08-18,0.081
2022-08-19,0.051
2022-08-20,0.054
2022-08-21,0.042
2022-08-22,0.031
2022-08-23,0.026
2022-08-24,0.023
2022-08-25,0.021
2022-08-26,0.019
2022-08-27,0.019
2022-08-28,0.022
2022-08-29,0.016
2022-08-30,0.012
2022-08-31,0.012
2022-09-01,0.027
2022-09-02,0.075
2022-09-03,0.058
2022-09-04,0.026
2022-09-05,0.023
2022-09-06,0.026
2022-09-07,0.025
2022-09-08,0.137
2022-09-09,0.068
2022-09-10,0.079
2022-09-11,0.045
2022-09-12,0.032
2022-09-13,0.027
2022-09-14,0.025
2022-09-15,0.022
2022-09-16,0.021
2022-09-17,0.02
2022-09-18,0.02
2022-09-19,0.022
2022-09-20,0.019
2022-09-21,0.022
2022-09-22,0.02
2022-09-23,0.022
2022-09-24,0.029
2022-09-25,0.031
2022-09-26,0.039
2022-09-27,0.046
2022-09-28,0.118
2022-09-29,0.081
2022-09-30,0.048
2022-10-01,0.098
2022-10-02,0.059
2022-10-03,0.045
2022-10-04,0.042
2022-10-05,0.035
2022-10-06,0.034
2022-10-07,0.028
2022-10-08,0.025
2022-10-09,0.023
2022-10-10,0.025
2022-10-11,0.019
2022-10-12,0.022
2022-10-13,0.02
2022-10-14,0.052
2022-10-15,0.227
2022-10-16,0.084
2022-10-17,0.054
2022-10-18,0.044
2022-10-19,0.043
2022-10-20,0.038
2022-10-21,0.036
2022-10-22,0.049
2022-10-23,0.037
2022-10-24,0.112
2022-10-25,0.085
2022-10-26,0.056
2022-10-27,0.046
2022-10-28,0.041
2022-10-29,0.036
2022-10-30,0.038
2022-10-31,0.042
2022-11-01,0.227
2022-11-02,0.124
2022-11-03,0.094
2022-11-04,0.088
2022-11-05,0.063
2022-11-06,0.184
2022-11-07,0.186
2022-11-08,0.102
2022-11-09,0.086
2022-11-10,0.068
2022-11-11,0.056
2022-11-12,0.05
2022-11-13,0.046
2022-11-14,0.045
2022-11-15,0.129
2022-11-16,0.337
2022-11-17,0.482
2022-11-18,0.166
2022-11-19,0.137
2022-11-20,0.146
2022-11-21,0.181
2022-11-22,0.192
2022-11-23,0.178
2022-11-24,0.235
2022-11-25,0.561
2022-11-26,0.255
2022-11-27,0.553
2022-11-28,0.816
2022-11-29,0.373
2022-11-30,0.272
2022-12-01,0.207
2022-12-02,0.173
2022-12-03,0.143
2022-12-04,0.125
2022-12-05,0.108
2022-12-06,0.1
2022-12-07,0.091
2022-12-08,0.086
2022-12-09,0.082
2022-12-10,0.074
2022-12-11,0.069
2022-12-12,0.072
2022-12-13,0.072
2022-12-14,0.086
2022-12-15,0.09
2022-12-16,0.076
2022-12-17,0.066
2022-12-18,0.071
2022-12-19,0.309
2022-12-20,0.94
2022-12-21,1.327
2022-12-22,1.524
2022-12-23,1.608
2022-12-24,1.329
2022-12-25,1.192
2022-12-26,0.791
2022-12-27,0.487
2022-12-28,0.446
2022-12-29,0.679
2022-12-30,0.697
2022-12-31,1.044
2023-01-01,0.611
2023-01-02,0.525
2023-01-03,0.409
2023-01-04,0.439
2023-01-05,0.438
2023-01-06,0.384
2023-01-07,0.369
2023-01-08,0.631
2023-01-09,0.559
2023-01-10,0.478
2023-01-11,1.065
2023-01-12,0.624
2023-01-13,0.475
2023-01-14,0.671
2023-01-15,1.44
2023-01-16,2.488
2023-01-17,1.251
2023-01-18,0.889
2023-01-19,0.952
2023-01-20,0.605
2023-01-21,0.46
2023-01-22,0.38
2023-01-23,0.327
2023-01-24,0.299
2023-01-25,0.273
2023-01-26,0.342
2023-01-27,0.424
2023-01-28,0.303
2023-01-29,0.249
2023-01-30,0.233
2023-01-31,0.23
2023-02-01,0.211
2023-02-02,0.19
2023-02-03,0.172
2023-02-04,0.157
2023-02-05,0.145
2023-02-06,0.136
2023-02-07,0.129
2023-02-08,0.125
2023-02-09,0.119
2023-02-10,0.112
2023-02-11,0.113
2023-02-12,0.111
2023-02-13,0.107
2023-02-14,0.102
2023-02-15,0.101
2023-02-16,0.097
2023-02-17,0.106
2023-02-18,0.111
2023-02-19,0.099
2023-02-20,0.099
2023-02-21,0.098
2023-02-22,0.099
2023-02-23,0.101
2023-02-24,0.1
2023-02-25,0.096
2023-02-26,0.086
2023-02-27,0.078
2023-02-28,0.077
2023-03-01,0.079
2023-03-02,0.076
2023-03-03,0.077
2023-03-04,0.074
2023-03-05,0.074
2023-03-06,0.074
2023-03-07,0.073
2023-03-08,0.191
2023-03-09,0.362
2023-03-10,0.339
2023-03-11,1.007
2023-03-12,0.473
2023-03-13,0.481
2023-03-14,0.374
2023-03-15,0.264
2023-03-16,0.228
2023-03-17,0.2
2023-03-18,0.307
2023-03-19,0.445
2023-03-20,0.277
2023-03-21,0.225
2023-03-22,0.208
2023-03-23,0.272
2023-03-24,0.728
2023-03-25,0.596
2023-03-26,0.733
2023-03-27,0.577
2023-03-28,0.379
2023-03-29,0.306
2023-03-30,0.296
2023-03-31,0.46
2023-04-01,0.366
2023-04-02,0.279
2023-04-03,0.224
2023-04-04,0.194
2023-04-05,0.168
2023-04-06,0.166
2023-04-07,0.157
2023-04-08,0.141
2023-04-09,0.13
2023-04-10,0.123
2023-04-11,0.124
2023-04-12,0.526
2023-04-13,0.3
2023-04-14,1.105
2023-04-15,1.27
2023-04-16,0.43
2023-04-17,0.308
2023-04-18,0.24
2023-04-19,0.209
2023-04-20,0.172
2023-04-21,0.148
2023-04-22,0.142
2023-04-23,0.228
2023-04-24,0.215
2023-04-25,0.311
2023-04-26,0.201
2023-04-27,0.173
2023-04-28,0.171
2023-04-29,0.146
2023-04-30,0.131
2023-05-01,0.125
2023-05-02,0.105
2023-05-03,0.096
2023-05-04,0.089
2023-05-05,0.114
2023-05-06,0.117
2023-05-07,0.183
2023-05-08,0.134
2023-05-09,0.313
2023-05-10,0.329
2023-05-11,0.255
2023-05-12,0.167
2023-05-13,0.131
2023-05-14,0.111
2023-05-15,0.119
2023-05-16,0.115
2023-05-17,0.084
2023-05-18,0.073
2023-05-19,0.066
2023-05-20,0.064
2023-05-21,0.061
2023-05-22,0.055
2023-05-23,0.044
2023-05-24,0.041
2023-05-25,0.033
2023-05-26,0.033
2023-05-27,0.038
2023-05-28,0.04
2023-05-29,0.035
2023-05-30,0.029
2023-05-31,0.025
2023-06-01,0.017
2023-06-02,0.016
2023-06-03,0.023
2023-06-04,0.028
2023-06-05,0.029
2023-06-06,0.027
2023-06-07,0.027
2023-06-08,0.025
2023-06-09,0.02
2023-06-10,0.045
2023-06-11,0.036
2023-06-12,0.025
2023-06-13,0.02
2023-06-14,0.017
2023-06-15,0.017
2023-06-16,0.016
2023-06-17,0.015
2023-06-18,0.051
2023-06-19,0.045
2023-06-20,0.025
2023-06-21,0.022
2023-06-22,0.016
2023-06-23,0.014
2023-06-24,0.018
2023-06-25,0.019
2023-06-26,0.018
2023-06-27,0.015
2023-06-28,0.016
2023-06-29,0.017
2023-06-30,0.023
2023-07-01,0.028
2023-07-02,0.024
2023-07-03,0.018
2023-07-04,0.018
2023-07-05,0.041
2023-07-06,0.02
2023-07-07,0.018
2023-07-08,0.012
2023-07-09,0.015
2023-07-10,0.018
2023-07-11,0.011
2023-07-12,0.01
2023-07-13,0.011
2023-07-14,0.011
2023-07-15,0.015
2023-07-16,0.014
2023-07-17,0.015
2023-07-18,0.01
2023-07-19,0.009
2023-07-20,0.011
2023-07-21,0.012
2023-07-22,0.012
2023-07-23,0.017
2023-07-24,0.089
2023-07-25,0.087
2023-07-26,0.029
2023-07-27,0.031
2023-07-28,0.087
2023-07-29,0.056
2023-07-30,0.039
2023-07-31,0.04
2023-08-01,0.155
2023-08-02,0.183
2023-08-03,0.203
2023-08-04,0.269
2023-08-05,0.09
2023-08-06,0.058
2023-08-07,0.07
2023-08-08,0.076
2023-08-09,0.045
2023-08-10,0.041
2023-08-11,0.032
2023-08-12,0.088
2023-08-13,0.032
2023-08-14,0.031
2023-08-15,0.054
2023-08-16,0.035
2023-08-17,0.022
2023-08-18,0.028
2023-08-19,0.018
2023-08-20,0.016
2023-08-21,0.017
2023-08-22,0.027
2023-08-23,0.019
2023-08-24,0.015
2023-08-25,0.018
2023-08-26,0.018
2023-08-27,0.037
2023-08-28,0.027
2023-08-29,0.025
2023-08-30,0.021
2023-08-31,0.019
2023-09-01,0.023
2023-09-02,0.031
2023-09-03,0.018
2023-09-04,0.016
2023-09-05,0.025
2023-09-06,0.016
2023-09-07,0.014
2023-09-08,0.014
2023-09-09,0.014
2023-09-10,0.014
2023-09-11,0.015
2023-09-12,0.019
2023-09-13,0.016
2023-09-14,0.022
2023-09-15,0.015
2023-09-16,0.015
2023-09-17,0.017
2023-09-18,0.019
2023-09-19,0.016
2023-09-20,0.016
2023-09-21,0.098
2023-09-22,0.086
2023-09-23,0.066
2023-09-24,0.029
2023-09-25,0.035
2023-09-26,0.064
2023-09-27,0.031
2023-09-28,0.022
2023-09-29,0.028
2023-09-30,0.026
2023-10-01,0.019
2023-10-02,0.026
2023-10-03,0.028
2023-10-04,0.029
2023-10-05,0.041
2023-10-06,0.033
2023-10-07,0.025
2023-10-08,0.019
2023-10-09,0.016
2023-10-10,0.032
2023-10-11,0.02
2023-10-12,0.019
2023-10-13,0.017
2023-10-14,0.022
2023-10-15,0.018
2023-10-16,0.017
2023-10-17,0.016
2023-10-18,0.064
2023-10-19,0.149
2023-10-20,0.236
2023-10-21,0.183
2023-10-22,0.27
2023-10-23,0.121
2023-10-24,0.094
2023-10-25,0.183
2023-10-26,0.117
2023-10-27,0.212
2023-10-28,1.666
2023-10-29,2.564
2023-10-30,1.161
2023-10-31,0.853
2023-11-01,1.225
2023-11-02,3.63
2023-11-03,1.045
2023-11-04,1.723
2023-11-05,2.996
2023-11-06,1.021
2023-11-07,0.927
2023-11-08,0.578
2023-11-09,0.751
2023-11-10,0.533
2023-11-11,0.427
2023-11-12,0.787
2023-11-13,0.698
2023-11-14,0.761
2023-11-15,0.605
2023-11-16,1.852
2023-11-17,1.096
2023-11-18,0.73
2023-11-19,0.721
2023-11-20,0.469
2023-11-21,0.46
2023-11-22,0.39
2023-11-23,0.332
2023-11-24,0.316
2023-11-25,0.283
2023-11-26,0.243
2023-11-27,0.297
2023-11-28,0.409
2023-11-29,0.357
2023-11-30,0.317
2023-12-01,0.293
2023-12-02,0.235
2023-12-03,0.211
2023-12-04,0.564
2023-12-05,0.576
2023-12-06,0.4
2023-12-07,0.831
2023-12-08,1.362
2023-12-09,3.32
2023-12-10,1.975
2023-12-11,0.982
2023-12-12,0.782
2023-12-13,0.622
2023-12-14,0.518
2023-12-15,0.446
2023-12-16,0.389
2023-12-17,0.341
2023-12-18,0.304
2023-12-19,0.291
2023-12-20,0.292
2023-12-21,0.343
2023-12-22,0.383
2023-12-23,0.352
2023-12-24,0.311
2023-12-25,0.277
2023-12-26,0.241
2023-12-27,0.227
2023-12-28,0.223
2023-12-29,0.261
2023-12-30,0.361
2023-12-31,0.714
2024-01-01,0.582
2024-01-02,4.716
2024-01-03,3.015
2024-01-04,1.516
2024-01-05,0.989
2024-01-06,0.651
2024-01-07,0.491
2024-01-08,0.415
2024-01-09,0.364
2024-01-10,0.321
2024-01-11,0.274
2024-01-12,0.255
2024-01-13,0.244
2024-01-14,0.234
2024-01-15,0.24
2024-01-16,0.221
2024-01-17,3.004
2024-01-18,3.82
2024-01-19,1.077
2024-01-20,0.573
2024-01-21,0.523
2024-01-22,1.223
2024-01-23,0.843
2024-01-24,0.627
2024-01-25,0.563
2024-01-26,0.694
2024-01-27,0.55
2024-01-28,0.456
2024-01-29,0.397
2024-01-30,0.359
2024-01-31,0.314
2024-02-01,0.298
2024-02-02,0.277
2024-02-03,0.266
2024-02-04,0.248
2024-02-05,0.236
2024-02-06,0.231
2024-02-07,0.46
2024-02-08,1.344
2024-02-09,1.836
2024-02-10,1.58
2024-02-11,0.807
2024-02-12,0.557
2024-02-13,0.443
2024-02-14,0.421
2024-02-15,0.383
2024-02-16,0.362
2024-02-17,0.287
2024-02-18,0.444
2024-02-19,0.471
2024-02-20,0.418
2024-02-21,1.295
2024-02-22,4.052
2024-02-23,1.481
2024-02-24,0.881
2024-02-25,1.579
2024-02-26,1.792
2024-02-27,0.788
2024-02-28,0.556
2024-02-29,0.614
2024-03-01,1.492
2024-03-02,1.163
2024-03-03,0.66
2024-03-04,0.567
2024-03-05,0.761
2024-03-06,0.562
2024-03-07,0.464
2024-03-08,0.423
2024-03-09,1.415
2024-03-10,1.23
2024-03-11,0.615
2024-03-12,0.47
2024-03-13,0.418
2024-03-14,0.369
2024-03-15,0.318
2024-03-16,0.312
2024-03-17,0.328
2024-03-18,0.96
2024-03-19,0.487
2024-03-20,0.415
2024-03-21,0.345
2024-03-22,0.296
2024-03-23,0.297
2024-03-24,0.266
2024-03-25,0.244
2024-03-26,0.31
2024-03-27,0.326
2024-03-28,0.494
2024-03-29,0.828
2024-03-30,0.454
2024-03-31,0.397
2024-04-01,0.385
2024-04-02,0.343
2024-04-03,0.85
2024-04-04,3.268
2024-04-05,1.006
2024-04-06,0.63
2024-04-07,0.494
2024-04-08,0.425
2024-04-09,0.357
2024-04-10,0.288
2024-04-11,0.255
2024-04-12,0.232
2024-04-13,0.212
2024-04-14,0.198
2024-04-15,0.183
2024-04-16,0.169
2024-04-17,0.157
2024-04-18,0.146
2024-04-19,0.139
2024-04-20,0.132
2024-04-21,0.122
2024-04-22,0.117
2024-04-23,0.119
2024-04-24,0.118
2024-04-25,0.112
2024-04-26,0.112
2024-04-27,0.18
2024-04-28,0.607
2024-04-29,0.292
2024-04-30,0.203
2024-05-01,0.243
2024-05-02,0.675
2024-05-03,0.324
2024-05-04,0.255
2024-05-05,0.237
2024-05-06,0.32
2024-05-07,0.304
2024-05-08,0.221
2024-05-09,0.18
2024-05-10,0.162
2024-05-11,0.143
2024-05-12,0.131
2024-05-13,0.13
2024-05-14,0.174
2024-05-15,0.436
2024-05-16,1.045
2024-05-17,0.627
2024-05-18,0.341
2024-05-19,0.261
2024-05-20,0.268
2024-05-21,0.428
2024-05-22,0.294
2024-05-23,0.24
2024-05-24,0.202
2024-05-25,0.185
2024-05-26,0.17
2024-05-27,0.144
2024-05-28,0.157
2024-05-29,0.338
2024-05-30,0.666
2024-05-31,0.297
2024-06-01,0.224
2024-06-02,0.179
2024-06-03,0.156
2024-06-04,0.129
2024-06-05,0.129
2024-06-06,0.115
2024-06-07,0.097
2024-06-08,0.096
2024-06-09,0.089
2024-06-10,0.078
2024-06-11,0.075
2024-06-12,0.073
2024-06-13,0.063
2024-06-14,0.073
2024-06-15,0.095
2024-06-16,0.099
2024-06-17,0.102
2024-06-18,0.329
2024-06-19,1.276
2024-06-20,1.168
2024-06-21,0.388
2024-06-22,0.283
2024-06-23,0.215
2024-06-24,0.181
2024-06-25,0.161
2024-06-26,0.144
2024-06-27,0.128
2024-06-28,0.116
2024-06-29,0.118
2024-06-30,0.116
2024-07-01,0.114
2024-07-02,0.107
2024-07-03,0.105
2024-07-04,0.105
2024-07-05,0.099
2024-07-06,0.095
2024-07-07,0.093
2024-07-08,0.094
2024-07-09,0.132
2024-07-10,0.114
2024-07-11,0.096
2024-07-12,0.13
2024-07-13,0.107
2024-07-14,0.095
2024-07-15,0.223
2024-07-16,0.153
2024-07-17,0.104
2024-07-18,0.076
2024-07-19,0.063
2024-07-20,0.068
2024-07-21,0.068
2024-07-22,0.053
2024-07-23,0.074
2024-07-24,0.058
2024-07-25,0.04
2024-07-26,0.077
2024-07-27,0.065
2024-07-28,0.038
2024-07-29,0.039
2024-07-30,0.065
2024-07-31,0.05
2024-08-01,0.024
2024-08-02,0.022
2024-08-03,0.023
2024-08-04,0.055
2024-08-05,0.044
2024-08-06,0.059
2024-08-07,0.046
2024-08-08,0.035
2024-08-09,0.029
2024-08-10,0.04
2024-08-11,0.03
2024-08-12,0.021
2024-08-13,0.03
2024-08-14,0.024
2024-08-15,0.021
2024-08-16,0.024
2024-08-17,0.028
2024-08-18,0.039
2024-08-19,0.048
2024-08-20,0.13
2024-08-21,0.066
2024-08-22,0.064
2024-08-23,0.04
2024-08-24,0.112
2024-08-25,0.102
2024-08-26,0.057
2024-08-27,0.053
2024-08-28,0.042
2024-08-29,0.047
2024-08-30,0.033
2024-08-31,0.062
2024-09-01,0.097
2024-09-02,0.062
2024-09-03,0.041
2024-09-04,0.053
2024-09-05,0.145
2024-09-06,0.095
2024-09-07,0.169
2024-09-08,0.541
2024-09-09,0.197
2024-09-10,0.131
2024-09-11,0.132
2024-09-12,0.107
2024-09-13,0.09
2024-09-14,0.071
2024-09-15,0.054
2024-09-16,0.047
2024-09-17,0.039
